time peak_frequency snr channel
1262736028.324218 850.7550048828125 7.783549785614014 H1:ASC-AS_A_RF45_Q_YAW_OUT_DQ
1262736028.738281 850.7550048828125 8.441710472106934 H1:ASC-AS_A_RF45_Q_YAW_OUT_DQ
1262736034.40625 62.43471145629883 8.594440460205078 H1:ASC-AS_A_RF45_Q_YAW_OUT_DQ
1262736281.253906 833.1620483398438 12.001449584960938 H1:ASC-AS_A_RF45_Q_YAW_OUT_DQ
1262736402.5625 32.66632080078125 9.447250366210938 H1:ASC-AS_A_RF45_Q_YAW_OUT_DQ
1262736593.0625 32.66632080078125 7.798699855804443 H1:ASC-AS_A_RF45_Q_YAW_OUT_DQ
1262736606.1875 32.66632080078125 8.185210227966309 H1:ASC-AS_A_RF45_Q_YAW_OUT_DQ
1262736955.4375 31.99081039428711 9.753129959106445 H1:ASC-AS_A_RF45_Q_YAW_OUT_DQ
1262737003.9375 31.99081039428711 7.810400009155273 H1:ASC-AS_A_RF45_Q_YAW_OUT_DQ
1262737136.613281 850.7550048828125 9.103280067443848 H1:ASC-AS_A_RF45_Q_YAW_OUT_DQ
1262737138.589843 833.1620483398438 11.299869537353516 H1:ASC-AS_A_RF45_Q_YAW_OUT_DQ
1262737144.769531 850.7550048828125 8.401869773864746 H1:ASC-AS_A_RF45_Q_YAW_OUT_DQ
1262737292.925781 850.7550048828125 8.159819602966309 H1:ASC-AS_A_RF45_Q_YAW_OUT_DQ
1262737316.3125 12.63506031036377 7.823369979858398 H1:ASC-AS_A_RF45_Q_YAW_OUT_DQ
1262737320.4375 13.268850326538086 7.864389896392822 H1:ASC-AS_A_RF45_Q_YAW_OUT_DQ
1262737349.125 11.456850051879883 8.742500305175781 H1:ASC-AS_A_RF45_Q_YAW_OUT_DQ
1262737442.125 12.031539916992188 7.958980083465576 H1:ASC-AS_A_RF45_Q_YAW_OUT_DQ
1262737528.121093 833.1620483398438 8.952360153198242 H1:ASC-AS_A_RF45_Q_YAW_OUT_DQ
1262737529.800781 833.1620483398438 8.184659957885742 H1:ASC-AS_A_RF45_Q_YAW_OUT_DQ
1262737569.050781 833.1620483398438 11.107600212097168 H1:ASC-AS_A_RF45_Q_YAW_OUT_DQ
1262737576.324218 833.1620483398438 8.717920303344727 H1:ASC-AS_A_RF45_Q_YAW_OUT_DQ
1262737662.675781 850.7550048828125 8.001529693603516 H1:ASC-AS_A_RF45_Q_YAW_OUT_DQ
1262737729.375 12.031539916992188 13.382360458374023 H1:ASC-AS_A_RF45_Q_YAW_OUT_DQ
1262737865.59375 13.068099975585938 7.811649799346924 H1:ASC-AS_A_RF45_Q_YAW_OUT_DQ
1262737889.738281 850.7550048828125 8.347350120544434 H1:ASC-AS_A_RF45_Q_YAW_OUT_DQ
1262737890.875 15.077320098876953 7.93943977355957 H1:ASC-AS_A_RF45_Q_YAW_OUT_DQ
1262737895.5625 31.99081039428711 8.70182991027832 H1:ASC-AS_A_RF45_Q_YAW_OUT_DQ
1262737908.125 10.9096097946167 9.574549674987793 H1:ASC-AS_A_RF45_Q_YAW_OUT_DQ
1262737912.1875 13.934430122375488 10.843629837036133 H1:ASC-AS_A_RF45_Q_YAW_OUT_DQ
1262737945.5625 16.94780921936035 36.24496841430664 H1:ASC-AS_A_RF45_Q_YAW_OUT_DQ
1262738003.3125 14.633399963378906 9.682860374450684 H1:ASC-AS_A_RF45_Q_YAW_OUT_DQ
1262738048.152343 850.7550048828125 9.81824016571045 H1:ASC-AS_A_RF45_Q_YAW_OUT_DQ
1262738157.765625 36.0507698059082 8.67609977722168 H1:ASC-AS_A_RF45_Q_YAW_OUT_DQ
1262738181.9375 40.25783920288086 9.00352954864502 H1:ASC-AS_A_RF45_Q_YAW_OUT_DQ
1262738182.0625 40.25783920288086 8.617130279541016 H1:ASC-AS_A_RF45_Q_YAW_OUT_DQ
1262738207.1875 40.25783920288086 8.947380065917969 H1:ASC-AS_A_RF45_Q_YAW_OUT_DQ
1262738235.1875 23.872940063476562 11.544429779052734 H1:ASC-AS_A_RF45_Q_YAW_OUT_DQ
1262738236.941406 850.7550048828125 11.67881965637207 H1:ASC-AS_A_RF45_Q_YAW_OUT_DQ
1262738246.183593 868.7194213867188 8.905340194702148 H1:ASC-AS_A_RF45_Q_YAW_OUT_DQ
1262738262.800781 850.7550048828125 9.492440223693848 H1:ASC-AS_A_RF45_Q_YAW_OUT_DQ
1262738283.4375 23.872940063476562 12.15172004699707 H1:ASC-AS_A_RF45_Q_YAW_OUT_DQ
1262738286.1875 14.633399963378906 8.389510154724121 H1:ASC-AS_A_RF45_Q_YAW_OUT_DQ
1262738288.519531 833.1620483398438 8.995929718017578 H1:ASC-AS_A_RF45_Q_YAW_OUT_DQ
1262746375.144531 850.7550048828125 7.883800029754639 H1:ASC-AS_A_RF45_Q_YAW_OUT_DQ
1262746475.125 12.031539916992188 7.838089942932129 H1:ASC-AS_A_RF45_Q_YAW_OUT_DQ
1262746483.875 11.456850051879883 8.3191499710083 H1:ASC-AS_A_RF45_Q_YAW_OUT_DQ
1262746486.3125 32.66632080078125 10.960140228271484 H1:ASC-AS_A_RF45_Q_YAW_OUT_DQ
1262746487.9375 31.99081039428711 9.228429794311523 H1:ASC-AS_A_RF45_Q_YAW_OUT_DQ
1262746524.0625 32.66632080078125 7.804460048675537 H1:ASC-AS_A_RF45_Q_YAW_OUT_DQ
1262746580.621093 833.1620483398438 9.164340019226074 H1:ASC-AS_A_RF45_Q_YAW_OUT_DQ
1262746597.6875 31.99081039428711 11.270899772644043 H1:ASC-AS_A_RF45_Q_YAW_OUT_DQ
1262746599.4375 31.99081039428711 8.619819641113281 H1:ASC-AS_A_RF45_Q_YAW_OUT_DQ
1262746806.3125 31.99081039428711 8.005249977111816 H1:ASC-AS_A_RF45_Q_YAW_OUT_DQ
1262747387.0625 31.99081039428711 10.791709899902344 H1:ASC-AS_A_RF45_Q_YAW_OUT_DQ
1262747407.5625 32.66632080078125 9.50076961517334 H1:ASC-AS_A_RF45_Q_YAW_OUT_DQ
1262747583.636718 850.7550048828125 8.173789978027344 H1:ASC-AS_A_RF45_Q_YAW_OUT_DQ
1262747614.8125 32.66632080078125 7.817580223083496 H1:ASC-AS_A_RF45_Q_YAW_OUT_DQ
1262747657.375 10.388500213623047 8.09319019317627 H1:ASC-AS_A_RF45_Q_YAW_OUT_DQ
1262747659.160156 850.7550048828125 8.041279792785645 H1:ASC-AS_A_RF45_Q_YAW_OUT_DQ
1262748010.125 11.456850051879883 8.506460189819336 H1:ASC-AS_A_RF45_Q_YAW_OUT_DQ
1262748242.3125 40.25783920288086 8.135149955749512 H1:ASC-AS_A_RF45_Q_YAW_OUT_DQ
1262748615.6875 31.99081039428711 9.292180061340332 H1:ASC-AS_A_RF45_Q_YAW_OUT_DQ
1262748671.471679 850.3499145507812 7.979219913482666 H1:ASC-AS_A_RF45_Q_YAW_OUT_DQ
1262748730.6875 12.63506031036377 7.890089988708496 H1:ASC-AS_A_RF45_Q_YAW_OUT_DQ
1262748884.46875 16.373680114746094 7.775489807128906 H1:ASC-AS_A_RF45_Q_YAW_OUT_DQ
1262749098.0625 13.268850326538086 8.452269554138184 H1:ASC-AS_A_RF45_Q_YAW_OUT_DQ
1262749769.816406 833.1620483398438 7.845200061798096 H1:ASC-AS_A_RF45_Q_YAW_OUT_DQ
1262749882.097656 833.1620483398438 7.949940204620361 H1:ASC-AS_A_RF45_Q_YAW_OUT_DQ
1262749987.527343 850.7550048828125 8.116519927978516 H1:ASC-AS_A_RF45_Q_YAW_OUT_DQ
1262750028.1875 40.25783920288086 8.71973991394043 H1:ASC-AS_A_RF45_Q_YAW_OUT_DQ
1262750035.5625 40.25783920288086 9.566749572753906 H1:ASC-AS_A_RF45_Q_YAW_OUT_DQ
1262750040.8125 40.25783920288086 7.8005499839782715 H1:ASC-AS_A_RF45_Q_YAW_OUT_DQ
1262750069.6875 40.25783920288086 8.159270286560059 H1:ASC-AS_A_RF45_Q_YAW_OUT_DQ
1262750078.8125 40.25783920288086 8.487549781799316 H1:ASC-AS_A_RF45_Q_YAW_OUT_DQ
1262750274.8125 12.63506031036377 8.180330276489258 H1:ASC-AS_A_RF45_Q_YAW_OUT_DQ
1262750429.5625 32.66632080078125 7.919690132141113 H1:ASC-AS_A_RF45_Q_YAW_OUT_DQ
1262750469.5625 31.99081039428711 8.669540405273438 H1:ASC-AS_A_RF45_Q_YAW_OUT_DQ
1262750554.050781 833.1620483398438 9.661179542541504 H1:ASC-AS_A_RF45_Q_YAW_OUT_DQ
1262750559.292968 833.1620483398438 10.615460395812988 H1:ASC-AS_A_RF45_Q_YAW_OUT_DQ
1262750704.761718 850.7550048828125 9.237500190734863 H1:ASC-AS_A_RF45_Q_YAW_OUT_DQ
1262750790.1875 31.99081039428711 7.944119930267334 H1:ASC-AS_A_RF45_Q_YAW_OUT_DQ
1262750832.769531 850.7550048828125 8.888239860534668 H1:ASC-AS_A_RF45_Q_YAW_OUT_DQ
1262750902.5625 31.99081039428711 8.286589622497559 H1:ASC-AS_A_RF45_Q_YAW_OUT_DQ
1262750924.5625 31.99081039428711 10.065569877624512 H1:ASC-AS_A_RF45_Q_YAW_OUT_DQ
1262750973.457031 833.1620483398438 8.20775032043457 H1:ASC-AS_A_RF45_Q_YAW_OUT_DQ
1262751175.9375 40.25783920288086 8.07921028137207 H1:ASC-AS_A_RF45_Q_YAW_OUT_DQ
1262751179.4375 31.99081039428711 8.000069618225098 H1:ASC-AS_A_RF45_Q_YAW_OUT_DQ
1262751243.191406 850.7550048828125 7.878439903259277 H1:ASC-AS_A_RF45_Q_YAW_OUT_DQ
1262751253.144531 850.7550048828125 7.876810073852539 H1:ASC-AS_A_RF45_Q_YAW_OUT_DQ
1262751326.433593 850.7550048828125 9.140270233154297 H1:ASC-AS_A_RF45_Q_YAW_OUT_DQ
1262751484.152343 850.7550048828125 7.999110221862793 H1:ASC-AS_A_RF45_Q_YAW_OUT_DQ
1262751491.4375 31.99081039428711 8.145509719848633 H1:ASC-AS_A_RF45_Q_YAW_OUT_DQ
1262751552.4375 31.99081039428711 8.372529983520508 H1:ASC-AS_A_RF45_Q_YAW_OUT_DQ
1262751595.066406 850.7550048828125 8.071840286254883 H1:ASC-AS_A_RF45_Q_YAW_OUT_DQ
1262751604.941406 850.7550048828125 8.723199844360352 H1:ASC-AS_A_RF45_Q_YAW_OUT_DQ
1262751651.667968 850.7550048828125 8.342479705810547 H1:ASC-AS_A_RF45_Q_YAW_OUT_DQ
1262751907.292968 850.7550048828125 8.776769638061523 H1:ASC-AS_A_RF45_Q_YAW_OUT_DQ
1262751924.269531 833.1620483398438 8.305060386657715 H1:ASC-AS_A_RF45_Q_YAW_OUT_DQ
1262751939.9375 31.99081039428711 8.820340156555176 H1:ASC-AS_A_RF45_Q_YAW_OUT_DQ
1262752106.4375 12.63506031036377 8.22251033782959 H1:ASC-AS_A_RF45_Q_YAW_OUT_DQ
1262752150.699218 833.1620483398438 8.800880432128906 H1:ASC-AS_A_RF45_Q_YAW_OUT_DQ
1262752257.707031 833.1620483398438 9.730999946594238 H1:ASC-AS_A_RF45_Q_YAW_OUT_DQ
1262752278.644531 850.7550048828125 10.437609672546387 H1:ASC-AS_A_RF45_Q_YAW_OUT_DQ
1262752333.3125 31.99081039428711 8.098549842834473 H1:ASC-AS_A_RF45_Q_YAW_OUT_DQ
1262752373.375 12.031539916992188 7.897940158843994 H1:ASC-AS_A_RF45_Q_YAW_OUT_DQ
1262752454.9375 40.25783920288086 8.42162036895752 H1:ASC-AS_A_RF45_Q_YAW_OUT_DQ
1262752647.332031 833.1620483398438 7.815609931945801 H1:ASC-AS_A_RF45_Q_YAW_OUT_DQ
1262752663.542968 833.1620483398438 10.081270217895508 H1:ASC-AS_A_RF45_Q_YAW_OUT_DQ
1262752664.855468 833.1620483398438 9.225910186767578 H1:ASC-AS_A_RF45_Q_YAW_OUT_DQ
1262752728.308593 850.7550048828125 8.200889587402344 H1:ASC-AS_A_RF45_Q_YAW_OUT_DQ
1262752767.253906 850.7550048828125 8.359789848327637 H1:ASC-AS_A_RF45_Q_YAW_OUT_DQ
1262752809.660156 850.7550048828125 8.755789756774902 H1:ASC-AS_A_RF45_Q_YAW_OUT_DQ
1262752887.394531 833.1620483398438 9.05525016784668 H1:ASC-AS_A_RF45_Q_YAW_OUT_DQ
1262752905.113281 833.1620483398438 7.762730121612549 H1:ASC-AS_A_RF45_Q_YAW_OUT_DQ
1262752963.6875 31.99081039428711 8.143959999084473 H1:ASC-AS_A_RF45_Q_YAW_OUT_DQ
1262753076.089843 833.1620483398438 7.856470108032227 H1:ASC-AS_A_RF45_Q_YAW_OUT_DQ
1262753077.0625 13.268850326538086 8.972860336303711 H1:ASC-AS_A_RF45_Q_YAW_OUT_DQ
1262753092.324218 850.7550048828125 8.944299697875977 H1:ASC-AS_A_RF45_Q_YAW_OUT_DQ
1262753093.964843 850.7550048828125 7.957149982452393 H1:ASC-AS_A_RF45_Q_YAW_OUT_DQ
1262753393.941406 850.7550048828125 9.315890312194824 H1:ASC-AS_A_RF45_Q_YAW_OUT_DQ
1262753433.0625 32.66632080078125 8.195830345153809 H1:ASC-AS_A_RF45_Q_YAW_OUT_DQ
1262753608.308593 833.1620483398438 7.93828010559082 H1:ASC-AS_A_RF45_Q_YAW_OUT_DQ
1262753610.5625 12.63506031036377 7.781469821929932 H1:ASC-AS_A_RF45_Q_YAW_OUT_DQ
1262753631.457031 833.1620483398438 7.943299770355225 H1:ASC-AS_A_RF45_Q_YAW_OUT_DQ
1262753638.152343 850.7550048828125 8.558879852294922 H1:ASC-AS_A_RF45_Q_YAW_OUT_DQ
1262753840.988281 833.1620483398438 8.36571979522705 H1:ASC-AS_A_RF45_Q_YAW_OUT_DQ
1262753845.3125 31.99081039428711 8.067609786987305 H1:ASC-AS_A_RF45_Q_YAW_OUT_DQ
1262753894.613281 833.1620483398438 8.39762020111084 H1:ASC-AS_A_RF45_Q_YAW_OUT_DQ
1262754038.582031 833.1620483398438 8.401749610900879 H1:ASC-AS_A_RF45_Q_YAW_OUT_DQ
1262754039.027343 850.7550048828125 8.945799827575684 H1:ASC-AS_A_RF45_Q_YAW_OUT_DQ
1262754102.324218 833.1620483398438 9.774749755859375 H1:ASC-AS_A_RF45_Q_YAW_OUT_DQ
1262754189.089843 833.1620483398438 8.13833999633789 H1:ASC-AS_A_RF45_Q_YAW_OUT_DQ
1262754229.875 10.9096097946167 18.808290481567383 H1:ASC-AS_A_RF45_Q_YAW_OUT_DQ
1262754267.074218 833.1620483398438 9.791430473327637 H1:ASC-AS_A_RF45_Q_YAW_OUT_DQ
1262754292.003906 833.1620483398438 8.750639915466309 H1:ASC-AS_A_RF45_Q_YAW_OUT_DQ
1262754390.003906 850.7550048828125 8.932979583740234 H1:ASC-AS_A_RF45_Q_YAW_OUT_DQ
1262754571.800781 833.1620483398438 13.569669723510742 H1:ASC-AS_A_RF45_Q_YAW_OUT_DQ
1262754581.042968 850.7550048828125 10.583259582519531 H1:ASC-AS_A_RF45_Q_YAW_OUT_DQ
1262754626.566406 850.7550048828125 8.834670066833496 H1:ASC-AS_A_RF45_Q_YAW_OUT_DQ
1262754694.136718 833.1620483398438 7.854340076446533 H1:ASC-AS_A_RF45_Q_YAW_OUT_DQ
1262754745.3125 31.99081039428711 7.769859790802002 H1:ASC-AS_A_RF45_Q_YAW_OUT_DQ
1262754763.261718 833.1620483398438 7.805469989776611 H1:ASC-AS_A_RF45_Q_YAW_OUT_DQ
1262754805.769531 833.1620483398438 9.657690048217773 H1:ASC-AS_A_RF45_Q_YAW_OUT_DQ
1262754817.871093 833.1620483398438 8.135339736938477 H1:ASC-AS_A_RF45_Q_YAW_OUT_DQ
1262754828.777343 833.1620483398438 7.85614013671875 H1:ASC-AS_A_RF45_Q_YAW_OUT_DQ
1262754866.746093 833.1620483398438 7.789760112762451 H1:ASC-AS_A_RF45_Q_YAW_OUT_DQ
1262754914.152343 850.7550048828125 10.402770042419434 H1:ASC-AS_A_RF45_Q_YAW_OUT_DQ
1262754915.480468 850.7550048828125 9.442669868469238 H1:ASC-AS_A_RF45_Q_YAW_OUT_DQ
1262754917.300781 850.7550048828125 9.96699047088623 H1:ASC-AS_A_RF45_Q_YAW_OUT_DQ
1262754995.886718 850.7550048828125 8.284049987792969 H1:ASC-AS_A_RF45_Q_YAW_OUT_DQ
1262755041.019531 833.1620483398438 9.152420043945312 H1:ASC-AS_A_RF45_Q_YAW_OUT_DQ
1262755042.355468 833.1620483398438 11.203740119934082 H1:ASC-AS_A_RF45_Q_YAW_OUT_DQ
1262755044.957031 815.9329223632812 8.449760437011719 H1:ASC-AS_A_RF45_Q_YAW_OUT_DQ
1262755046.347656 833.1620483398438 7.892320156097412 H1:ASC-AS_A_RF45_Q_YAW_OUT_DQ
1262755069.847656 833.1620483398438 8.086560249328613 H1:ASC-AS_A_RF45_Q_YAW_OUT_DQ
1262755094.941406 833.1620483398438 9.658129692077637 H1:ASC-AS_A_RF45_Q_YAW_OUT_DQ
1262755135.058593 833.1620483398438 11.378020286560059 H1:ASC-AS_A_RF45_Q_YAW_OUT_DQ
1262755144.316406 850.7550048828125 9.793540000915527 H1:ASC-AS_A_RF45_Q_YAW_OUT_DQ
1262755166.628906 850.7550048828125 9.123530387878418 H1:ASC-AS_A_RF45_Q_YAW_OUT_DQ
1262755178.378906 850.7550048828125 8.652359962463379 H1:ASC-AS_A_RF45_Q_YAW_OUT_DQ
1262755183.863281 833.1620483398438 9.757769584655762 H1:ASC-AS_A_RF45_Q_YAW_OUT_DQ
1262755240.730468 850.7550048828125 7.907129764556885 H1:ASC-AS_A_RF45_Q_YAW_OUT_DQ
1262755268.339843 850.7550048828125 8.185079574584961 H1:ASC-AS_A_RF45_Q_YAW_OUT_DQ
1262755297.980468 850.7550048828125 8.42350959777832 H1:ASC-AS_A_RF45_Q_YAW_OUT_DQ
1262755298.972656 850.7550048828125 9.92881965637207 H1:ASC-AS_A_RF45_Q_YAW_OUT_DQ
1262755363.355468 850.7550048828125 8.021719932556152 H1:ASC-AS_A_RF45_Q_YAW_OUT_DQ
1262755412.355468 833.1620483398438 8.642999649047852 H1:ASC-AS_A_RF45_Q_YAW_OUT_DQ
1262755444.625 12.031539916992188 8.253009796142578 H1:ASC-AS_A_RF45_Q_YAW_OUT_DQ
1262755486.136718 833.1620483398438 12.736650466918945 H1:ASC-AS_A_RF45_Q_YAW_OUT_DQ
1262755487.15625 14.627809524536133 7.961609840393066 H1:ASC-AS_A_RF45_Q_YAW_OUT_DQ
1262755499.566406 850.7550048828125 9.850879669189453 H1:ASC-AS_A_RF45_Q_YAW_OUT_DQ
1262755534.066406 850.7550048828125 8.578660011291504 H1:ASC-AS_A_RF45_Q_YAW_OUT_DQ
1262755537.621093 833.1620483398438 10.034000396728516 H1:ASC-AS_A_RF45_Q_YAW_OUT_DQ
1262755571.996093 833.1620483398438 10.65404987335205 H1:ASC-AS_A_RF45_Q_YAW_OUT_DQ
1262755576.503906 833.1620483398438 10.397629737854004 H1:ASC-AS_A_RF45_Q_YAW_OUT_DQ
1262755609.636718 833.1620483398438 8.466429710388184 H1:ASC-AS_A_RF45_Q_YAW_OUT_DQ
1262755622.4375 13.934430122375488 8.247309684753418 H1:ASC-AS_A_RF45_Q_YAW_OUT_DQ
1262755686.027343 850.7550048828125 7.877510070800781 H1:ASC-AS_A_RF45_Q_YAW_OUT_DQ
1262755692.480468 850.7550048828125 9.752889633178711 H1:ASC-AS_A_RF45_Q_YAW_OUT_DQ
1262755700.292968 833.1620483398438 8.7433500289917 H1:ASC-AS_A_RF45_Q_YAW_OUT_DQ
1262755724.574218 850.7550048828125 8.136260032653809 H1:ASC-AS_A_RF45_Q_YAW_OUT_DQ
1262755761.769531 850.7550048828125 9.234640121459961 H1:ASC-AS_A_RF45_Q_YAW_OUT_DQ
1262755871.371093 833.1620483398438 10.244219779968262 H1:ASC-AS_A_RF45_Q_YAW_OUT_DQ
1262755993.089843 833.1620483398438 8.104240417480469 H1:ASC-AS_A_RF45_Q_YAW_OUT_DQ
1262756041.042968 833.1620483398438 9.763090133666992 H1:ASC-AS_A_RF45_Q_YAW_OUT_DQ
1262756216.035156 833.1620483398438 7.918650150299072 H1:ASC-AS_A_RF45_Q_YAW_OUT_DQ
1262756265.363281 850.7550048828125 10.359560012817383 H1:ASC-AS_A_RF45_Q_YAW_OUT_DQ
1262756344.9375 31.99081039428711 9.098389625549316 H1:ASC-AS_A_RF45_Q_YAW_OUT_DQ
1262756378.003906 833.1620483398438 8.540180206298828 H1:ASC-AS_A_RF45_Q_YAW_OUT_DQ
1262756389.378906 833.1620483398438 8.973569869995117 H1:ASC-AS_A_RF45_Q_YAW_OUT_DQ
1262756417.519531 833.1620483398438 9.258139610290527 H1:ASC-AS_A_RF45_Q_YAW_OUT_DQ
1262756531.113281 560.1495361328125 8.496430397033691 H1:ASC-AS_A_RF45_Q_YAW_OUT_DQ
1262756549.449218 850.7550048828125 7.869569778442383 H1:ASC-AS_A_RF45_Q_YAW_OUT_DQ
1262756577.714843 833.1620483398438 8.010589599609375 H1:ASC-AS_A_RF45_Q_YAW_OUT_DQ
1262756579.003906 833.1620483398438 10.43418025970459 H1:ASC-AS_A_RF45_Q_YAW_OUT_DQ
1262756631.175781 833.1620483398438 9.487509727478027 H1:ASC-AS_A_RF45_Q_YAW_OUT_DQ
1262756659.667968 833.1620483398438 10.217989921569824 H1:ASC-AS_A_RF45_Q_YAW_OUT_DQ
1262756663.3125 31.99081039428711 7.777740001678467 H1:ASC-AS_A_RF45_Q_YAW_OUT_DQ
1262756825.667968 850.7550048828125 7.9902801513671875 H1:ASC-AS_A_RF45_Q_YAW_OUT_DQ
1262756866.027343 833.1620483398438 7.94379997253418 H1:ASC-AS_A_RF45_Q_YAW_OUT_DQ
1262756880.863281 833.1620483398438 7.8141398429870605 H1:ASC-AS_A_RF45_Q_YAW_OUT_DQ
1262757094.621093 833.1620483398438 9.315810203552246 H1:ASC-AS_A_RF45_Q_YAW_OUT_DQ
1262757114.699218 833.1620483398438 8.84945011138916 H1:ASC-AS_A_RF45_Q_YAW_OUT_DQ
1262757133.386718 833.1620483398438 12.131939888000488 H1:ASC-AS_A_RF45_Q_YAW_OUT_DQ
1262757134.988281 833.1620483398438 9.516690254211426 H1:ASC-AS_A_RF45_Q_YAW_OUT_DQ
1262757135.199218 833.1620483398438 8.789529800415039 H1:ASC-AS_A_RF45_Q_YAW_OUT_DQ
1262757140.308593 833.1620483398438 9.007740020751953 H1:ASC-AS_A_RF45_Q_YAW_OUT_DQ
1262757170.417968 833.1620483398438 8.122099876403809 H1:ASC-AS_A_RF45_Q_YAW_OUT_DQ
1262757172.589843 833.1620483398438 9.27616024017334 H1:ASC-AS_A_RF45_Q_YAW_OUT_DQ
1262757298.332031 850.7550048828125 8.273590087890625 H1:ASC-AS_A_RF45_Q_YAW_OUT_DQ
1262757433.605468 850.7550048828125 9.777079582214355 H1:ASC-AS_A_RF45_Q_YAW_OUT_DQ
1262757452.90625 16.373680114746094 8.980340003967285 H1:ASC-AS_A_RF45_Q_YAW_OUT_DQ
1262757658.113281 833.1620483398438 8.24252986907959 H1:ASC-AS_A_RF45_Q_YAW_OUT_DQ
1262757658.308593 833.1620483398438 9.851059913635254 H1:ASC-AS_A_RF45_Q_YAW_OUT_DQ
1262757672.0625 12.63506031036377 7.905310153961182 H1:ASC-AS_A_RF45_Q_YAW_OUT_DQ
1262757831.691406 833.1620483398438 12.761190414428711 H1:ASC-AS_A_RF45_Q_YAW_OUT_DQ
1262757834.269531 850.7550048828125 8.237310409545898 H1:ASC-AS_A_RF45_Q_YAW_OUT_DQ
1262757851.824218 833.1620483398438 11.50512981414795 H1:ASC-AS_A_RF45_Q_YAW_OUT_DQ
1262757853.917968 833.1620483398438 10.418169975280762 H1:ASC-AS_A_RF45_Q_YAW_OUT_DQ
1262757856.066406 833.1620483398438 9.45304012298584 H1:ASC-AS_A_RF45_Q_YAW_OUT_DQ
1262758051.957031 833.1620483398438 9.004819869995117 H1:ASC-AS_A_RF45_Q_YAW_OUT_DQ
1262758156.519531 833.1620483398438 8.792160034179688 H1:ASC-AS_A_RF45_Q_YAW_OUT_DQ
1262758156.707031 833.1620483398438 8.053950309753418 H1:ASC-AS_A_RF45_Q_YAW_OUT_DQ
1262758160.316406 850.7550048828125 10.25139045715332 H1:ASC-AS_A_RF45_Q_YAW_OUT_DQ
1262758206.582031 833.1620483398438 10.95829963684082 H1:ASC-AS_A_RF45_Q_YAW_OUT_DQ
1262758279.058593 833.1620483398438 7.885159969329834 H1:ASC-AS_A_RF45_Q_YAW_OUT_DQ
1262758350.925781 850.7550048828125 8.038419723510742 H1:ASC-AS_A_RF45_Q_YAW_OUT_DQ
1262758444.082031 850.7550048828125 7.876619815826416 H1:ASC-AS_A_RF45_Q_YAW_OUT_DQ
1262758620.6875 14.633399963378906 9.060420036315918 H1:ASC-AS_A_RF45_Q_YAW_OUT_DQ
1262758715.9375 12.63506031036377 8.745329856872559 H1:ASC-AS_A_RF45_Q_YAW_OUT_DQ
1262758869.894531 850.7550048828125 10.797590255737305 H1:ASC-AS_A_RF45_Q_YAW_OUT_DQ
1262759023.855468 850.7550048828125 7.98144006729126 H1:ASC-AS_A_RF45_Q_YAW_OUT_DQ
1262759031.550781 833.1620483398438 8.6316499710083 H1:ASC-AS_A_RF45_Q_YAW_OUT_DQ
1262759114.152343 833.1620483398438 9.365779876708984 H1:ASC-AS_A_RF45_Q_YAW_OUT_DQ
1262759116.0625 14.633399963378906 8.092619895935059 H1:ASC-AS_A_RF45_Q_YAW_OUT_DQ
1262759127.136718 850.7550048828125 8.417989730834961 H1:ASC-AS_A_RF45_Q_YAW_OUT_DQ
1262759164.125 10.9096097946167 13.755040168762207 H1:ASC-AS_A_RF45_Q_YAW_OUT_DQ
1262759166.972656 850.7550048828125 8.193280220031738 H1:ASC-AS_A_RF45_Q_YAW_OUT_DQ
1262759216.902343 833.1620483398438 8.034540176391602 H1:ASC-AS_A_RF45_Q_YAW_OUT_DQ
1262759320.636718 833.1620483398438 10.388609886169434 H1:ASC-AS_A_RF45_Q_YAW_OUT_DQ
1262759357.6875 40.25783920288086 7.941629886627197 H1:ASC-AS_A_RF45_Q_YAW_OUT_DQ
1262759416.324218 850.7550048828125 7.839869976043701 H1:ASC-AS_A_RF45_Q_YAW_OUT_DQ
1262759417.8125 13.268850326538086 8.54026985168457 H1:ASC-AS_A_RF45_Q_YAW_OUT_DQ
1262759438.261718 833.1620483398438 7.788479804992676 H1:ASC-AS_A_RF45_Q_YAW_OUT_DQ
1262759514.8125 32.66632080078125 7.994200229644775 H1:ASC-AS_A_RF45_Q_YAW_OUT_DQ
1262759582.707031 833.1620483398438 8.377599716186523 H1:ASC-AS_A_RF45_Q_YAW_OUT_DQ
1262759611.058593 833.1620483398438 10.76002025604248 H1:ASC-AS_A_RF45_Q_YAW_OUT_DQ
1262759618.0625 32.66632080078125 8.219389915466309 H1:ASC-AS_A_RF45_Q_YAW_OUT_DQ
1262759628.191406 833.1620483398438 7.971159934997559 H1:ASC-AS_A_RF45_Q_YAW_OUT_DQ
1262759695.996093 850.7550048828125 10.031740188598633 H1:ASC-AS_A_RF45_Q_YAW_OUT_DQ
1262759707.988281 833.1620483398438 7.874750137329102 H1:ASC-AS_A_RF45_Q_YAW_OUT_DQ
1262759708.402343 833.1620483398438 9.617090225219727 H1:ASC-AS_A_RF45_Q_YAW_OUT_DQ
1262759781.675781 850.7550048828125 7.778619766235352 H1:ASC-AS_A_RF45_Q_YAW_OUT_DQ
1262759891.136718 850.7550048828125 8.602230072021484 H1:ASC-AS_A_RF45_Q_YAW_OUT_DQ
1262760013.933593 850.7550048828125 9.462510108947754 H1:ASC-AS_A_RF45_Q_YAW_OUT_DQ
1262760085.511718 833.1620483398438 7.996339797973633 H1:ASC-AS_A_RF45_Q_YAW_OUT_DQ
1262760130.621093 833.1620483398438 9.433110237121582 H1:ASC-AS_A_RF45_Q_YAW_OUT_DQ
1262760159.683593 850.7550048828125 9.459090232849121 H1:ASC-AS_A_RF45_Q_YAW_OUT_DQ
1262760188.5625 31.99081039428711 8.813909530639648 H1:ASC-AS_A_RF45_Q_YAW_OUT_DQ
1262760252.238281 850.7550048828125 9.755610466003418 H1:ASC-AS_A_RF45_Q_YAW_OUT_DQ
1262760401.9375 40.25783920288086 7.896190166473389 H1:ASC-AS_A_RF45_Q_YAW_OUT_DQ
1262760413.5625 40.25783920288086 8.310219764709473 H1:ASC-AS_A_RF45_Q_YAW_OUT_DQ
1262760420.660156 833.1620483398438 8.22385025024414 H1:ASC-AS_A_RF45_Q_YAW_OUT_DQ
1262760507.6875 31.99081039428711 8.92693042755127 H1:ASC-AS_A_RF45_Q_YAW_OUT_DQ
1262760508.9375 31.99081039428711 9.975000381469727 H1:ASC-AS_A_RF45_Q_YAW_OUT_DQ
1262760535.074218 850.7550048828125 9.457850456237793 H1:ASC-AS_A_RF45_Q_YAW_OUT_DQ
1262760578.855468 833.1620483398438 8.363639831542969 H1:ASC-AS_A_RF45_Q_YAW_OUT_DQ
1262760580.722656 833.1620483398438 9.970109939575195 H1:ASC-AS_A_RF45_Q_YAW_OUT_DQ
1262760582.574218 850.7550048828125 8.34103012084961 H1:ASC-AS_A_RF45_Q_YAW_OUT_DQ
1262760584.128906 850.7550048828125 8.107879638671875 H1:ASC-AS_A_RF45_Q_YAW_OUT_DQ
1262760584.886718 833.1620483398438 8.717280387878418 H1:ASC-AS_A_RF45_Q_YAW_OUT_DQ
1262760675.375 10.388500213623047 9.47227954864502 H1:ASC-AS_A_RF45_Q_YAW_OUT_DQ
1262760719.347656 833.1620483398438 11.55066967010498 H1:ASC-AS_A_RF45_Q_YAW_OUT_DQ
1262760723.4375 32.66632080078125 7.975419998168945 H1:ASC-AS_A_RF45_Q_YAW_OUT_DQ
1262760731.832031 833.1620483398438 8.42728042602539 H1:ASC-AS_A_RF45_Q_YAW_OUT_DQ
1262760787.511718 850.7550048828125 8.538909912109375 H1:ASC-AS_A_RF45_Q_YAW_OUT_DQ
1262760788.925781 850.7550048828125 8.398619651794434 H1:ASC-AS_A_RF45_Q_YAW_OUT_DQ
1262760805.191406 850.7550048828125 7.827449798583984 H1:ASC-AS_A_RF45_Q_YAW_OUT_DQ
1262760855.3125 13.934430122375488 10.370309829711914 H1:ASC-AS_A_RF45_Q_YAW_OUT_DQ
1262760865.074218 833.1620483398438 9.156920433044434 H1:ASC-AS_A_RF45_Q_YAW_OUT_DQ
1262760866.785156 833.1620483398438 11.391790390014648 H1:ASC-AS_A_RF45_Q_YAW_OUT_DQ
1262760908.386718 833.1620483398438 9.805159568786621 H1:ASC-AS_A_RF45_Q_YAW_OUT_DQ
1262761009.375 11.456850051879883 7.763490200042725 H1:ASC-AS_A_RF45_Q_YAW_OUT_DQ
1262761022.980468 833.1620483398438 9.239250183105469 H1:ASC-AS_A_RF45_Q_YAW_OUT_DQ
1262761029.222656 850.7550048828125 9.4579496383667 H1:ASC-AS_A_RF45_Q_YAW_OUT_DQ
1262761030.558593 850.7550048828125 9.647290229797363 H1:ASC-AS_A_RF45_Q_YAW_OUT_DQ
1262761033.308593 850.7550048828125 8.168829917907715 H1:ASC-AS_A_RF45_Q_YAW_OUT_DQ
1262761035.503906 850.7550048828125 7.880239963531494 H1:ASC-AS_A_RF45_Q_YAW_OUT_DQ
1262761050.386718 833.1620483398438 9.61182975769043 H1:ASC-AS_A_RF45_Q_YAW_OUT_DQ
1262761050.878906 833.1620483398438 8.933079719543457 H1:ASC-AS_A_RF45_Q_YAW_OUT_DQ
1262761051.957031 833.1620483398438 7.876979827880859 H1:ASC-AS_A_RF45_Q_YAW_OUT_DQ
1262761058.824218 850.7550048828125 9.673089981079102 H1:ASC-AS_A_RF45_Q_YAW_OUT_DQ
1262761153.535156 833.1620483398438 8.50436019897461 H1:ASC-AS_A_RF45_Q_YAW_OUT_DQ
1262761223.222656 833.1620483398438 8.667220115661621 H1:ASC-AS_A_RF45_Q_YAW_OUT_DQ
1262761232.511718 833.1620483398438 9.88761043548584 H1:ASC-AS_A_RF45_Q_YAW_OUT_DQ
1262761234.488281 833.1620483398438 9.53380012512207 H1:ASC-AS_A_RF45_Q_YAW_OUT_DQ
1262761236.800781 833.1620483398438 8.713239669799805 H1:ASC-AS_A_RF45_Q_YAW_OUT_DQ
1262761253.355468 833.1620483398438 8.624600410461426 H1:ASC-AS_A_RF45_Q_YAW_OUT_DQ
1262761266.230468 833.1620483398438 8.964659690856934 H1:ASC-AS_A_RF45_Q_YAW_OUT_DQ
1262761283.222656 850.7550048828125 7.874549865722656 H1:ASC-AS_A_RF45_Q_YAW_OUT_DQ
1262761294.722656 833.1620483398438 8.75393009185791 H1:ASC-AS_A_RF45_Q_YAW_OUT_DQ
1262761391.753906 833.1620483398438 9.459010124206543 H1:ASC-AS_A_RF45_Q_YAW_OUT_DQ
1262761395.222656 833.1620483398438 8.327899932861328 H1:ASC-AS_A_RF45_Q_YAW_OUT_DQ
1262761397.058593 833.1620483398438 7.835639953613281 H1:ASC-AS_A_RF45_Q_YAW_OUT_DQ
1262761408.511718 850.7550048828125 8.017499923706055 H1:ASC-AS_A_RF45_Q_YAW_OUT_DQ
1262761442.105468 850.7550048828125 9.020939826965332 H1:ASC-AS_A_RF45_Q_YAW_OUT_DQ
1262761485.785156 850.7550048828125 9.069250106811523 H1:ASC-AS_A_RF45_Q_YAW_OUT_DQ
1262761539.863281 850.7550048828125 8.123250007629395 H1:ASC-AS_A_RF45_Q_YAW_OUT_DQ
1262761556.316406 833.1620483398438 7.791800022125244 H1:ASC-AS_A_RF45_Q_YAW_OUT_DQ
1262761563.730468 833.1620483398438 8.929610252380371 H1:ASC-AS_A_RF45_Q_YAW_OUT_DQ
1262761567.730468 850.7550048828125 9.066969871520996 H1:ASC-AS_A_RF45_Q_YAW_OUT_DQ
1262761568.875 17.091270446777344 8.266579627990723 H1:ASC-AS_A_RF45_Q_YAW_OUT_DQ
1262761571.378906 850.7550048828125 10.065549850463867 H1:ASC-AS_A_RF45_Q_YAW_OUT_DQ
1262761575.269531 833.1620483398438 8.00236988067627 H1:ASC-AS_A_RF45_Q_YAW_OUT_DQ
1262761626.25 12.234149932861328 7.946700096130371 H1:ASC-AS_A_RF45_Q_YAW_OUT_DQ
1262761639.457031 850.7550048828125 9.307559967041016 H1:ASC-AS_A_RF45_Q_YAW_OUT_DQ
1262761669.730468 833.1620483398438 9.14050006866455 H1:ASC-AS_A_RF45_Q_YAW_OUT_DQ
1262761715.980468 560.1495361328125 8.498109817504883 H1:ASC-AS_A_RF45_Q_YAW_OUT_DQ
1262761737.1875 31.99081039428711 9.62444019317627 H1:ASC-AS_A_RF45_Q_YAW_OUT_DQ
1262761760.3125 40.25783920288086 8.175209999084473 H1:ASC-AS_A_RF45_Q_YAW_OUT_DQ
1262761767.4375 40.25783920288086 7.927060127258301 H1:ASC-AS_A_RF45_Q_YAW_OUT_DQ
1262761769.042968 833.1620483398438 8.863849639892578 H1:ASC-AS_A_RF45_Q_YAW_OUT_DQ
1262761791.910156 833.1620483398438 11.017849922180176 H1:ASC-AS_A_RF45_Q_YAW_OUT_DQ
1262761798.011718 833.1620483398438 8.085490226745605 H1:ASC-AS_A_RF45_Q_YAW_OUT_DQ
1262761803.988281 833.1620483398438 9.245980262756348 H1:ASC-AS_A_RF45_Q_YAW_OUT_DQ
1262761842.761718 833.1620483398438 12.244600296020508 H1:ASC-AS_A_RF45_Q_YAW_OUT_DQ
1262761869.25 12.234149932861328 8.818710327148438 H1:ASC-AS_A_RF45_Q_YAW_OUT_DQ
1262761918.9375 32.66632080078125 9.467700004577637 H1:ASC-AS_A_RF45_Q_YAW_OUT_DQ
1262761921.4375 32.66632080078125 10.649840354919434 H1:ASC-AS_A_RF45_Q_YAW_OUT_DQ
1262761922.6875 32.66632080078125 8.267379760742188 H1:ASC-AS_A_RF45_Q_YAW_OUT_DQ
1262761941.6875 40.25783920288086 7.808229923248291 H1:ASC-AS_A_RF45_Q_YAW_OUT_DQ
1262761942.980468 833.1620483398438 7.7576398849487305 H1:ASC-AS_A_RF45_Q_YAW_OUT_DQ
1262761958.441406 833.1620483398438 8.063429832458496 H1:ASC-AS_A_RF45_Q_YAW_OUT_DQ
1262762082.464843 833.1620483398438 8.411089897155762 H1:ASC-AS_A_RF45_Q_YAW_OUT_DQ
1262762082.761718 833.1620483398438 8.50331974029541 H1:ASC-AS_A_RF45_Q_YAW_OUT_DQ
1262762094.363281 833.1620483398438 9.671870231628418 H1:ASC-AS_A_RF45_Q_YAW_OUT_DQ
1262762137.480468 850.7550048828125 8.49905014038086 H1:ASC-AS_A_RF45_Q_YAW_OUT_DQ
1262762149.550781 850.7550048828125 8.093629837036133 H1:ASC-AS_A_RF45_Q_YAW_OUT_DQ
1262762184.472656 850.7550048828125 10.948129653930664 H1:ASC-AS_A_RF45_Q_YAW_OUT_DQ
1262762187.925781 833.1620483398438 8.745169639587402 H1:ASC-AS_A_RF45_Q_YAW_OUT_DQ
1262762204.410156 833.1620483398438 8.240099906921387 H1:ASC-AS_A_RF45_Q_YAW_OUT_DQ
1262762273.871093 850.7550048828125 8.708849906921387 H1:ASC-AS_A_RF45_Q_YAW_OUT_DQ
1262762275.074218 850.7550048828125 11.095999717712402 H1:ASC-AS_A_RF45_Q_YAW_OUT_DQ
1262791022.269531 850.7550048828125 9.791709899902344 H1:ASC-AS_A_RF45_Q_YAW_OUT_DQ
1262791030.894531 833.1620483398438 8.068849563598633 H1:ASC-AS_A_RF45_Q_YAW_OUT_DQ
1262791082.589843 833.1620483398438 8.109199523925781 H1:ASC-AS_A_RF45_Q_YAW_OUT_DQ
1262791082.769531 833.1620483398438 8.304590225219727 H1:ASC-AS_A_RF45_Q_YAW_OUT_DQ
1262791084.347656 833.1620483398438 7.805819988250732 H1:ASC-AS_A_RF45_Q_YAW_OUT_DQ
1262791084.628906 833.1620483398438 7.751110076904297 H1:ASC-AS_A_RF45_Q_YAW_OUT_DQ
1262791099.410156 833.1620483398438 8.058320045471191 H1:ASC-AS_A_RF45_Q_YAW_OUT_DQ
1262791159.535156 833.1620483398438 13.242270469665527 H1:ASC-AS_A_RF45_Q_YAW_OUT_DQ
1262791236.769531 850.7550048828125 8.063119888305664 H1:ASC-AS_A_RF45_Q_YAW_OUT_DQ
1262791240.605468 850.7550048828125 9.218819618225098 H1:ASC-AS_A_RF45_Q_YAW_OUT_DQ
1262791242.363281 833.1620483398438 8.085789680480957 H1:ASC-AS_A_RF45_Q_YAW_OUT_DQ
1262791243.8125 12.63506031036377 8.201769828796387 H1:ASC-AS_A_RF45_Q_YAW_OUT_DQ
1262791246.230468 833.1620483398438 9.571069717407227 H1:ASC-AS_A_RF45_Q_YAW_OUT_DQ
1262791290.125 11.456850051879883 8.838919639587402 H1:ASC-AS_A_RF45_Q_YAW_OUT_DQ
1262791296.953125 32.2067985534668 8.163100242614746 H1:ASC-AS_A_RF45_Q_YAW_OUT_DQ
1262791331.875 12.031539916992188 8.567480087280273 H1:ASC-AS_A_RF45_Q_YAW_OUT_DQ
1262791410.074218 850.7550048828125 8.60509967803955 H1:ASC-AS_A_RF45_Q_YAW_OUT_DQ
1262791483.636718 850.7550048828125 8.024009704589844 H1:ASC-AS_A_RF45_Q_YAW_OUT_DQ
1262791485.964843 850.7550048828125 7.848639965057373 H1:ASC-AS_A_RF45_Q_YAW_OUT_DQ
1262791525.0625 40.25783920288086 8.693220138549805 H1:ASC-AS_A_RF45_Q_YAW_OUT_DQ
1262791540.816406 833.1620483398438 7.866889953613281 H1:ASC-AS_A_RF45_Q_YAW_OUT_DQ
1262791542.183593 850.7550048828125 9.42255973815918 H1:ASC-AS_A_RF45_Q_YAW_OUT_DQ
1262791544.8125 40.25783920288086 7.8011698722839355 H1:ASC-AS_A_RF45_Q_YAW_OUT_DQ
1262791549.1875 40.25783920288086 7.7510600090026855 H1:ASC-AS_A_RF45_Q_YAW_OUT_DQ
1262791562.875 10.9096097946167 8.801039695739746 H1:ASC-AS_A_RF45_Q_YAW_OUT_DQ
1262791565.511718 833.1620483398438 7.872109889984131 H1:ASC-AS_A_RF45_Q_YAW_OUT_DQ
1262791671.378906 850.7550048828125 8.26729965209961 H1:ASC-AS_A_RF45_Q_YAW_OUT_DQ
1262791809.625 10.388500213623047 9.08178997039795 H1:ASC-AS_A_RF45_Q_YAW_OUT_DQ
1262791850.375 15.720789909362793 8.687399864196777 H1:ASC-AS_A_RF45_Q_YAW_OUT_DQ
1262791890.15625 13.068099975585938 8.111800193786621 H1:ASC-AS_A_RF45_Q_YAW_OUT_DQ
1262791914.75 13.300689697265625 7.866849899291992 H1:ASC-AS_A_RF45_Q_YAW_OUT_DQ
1262791927.199218 833.1620483398438 8.067159652709961 H1:ASC-AS_A_RF45_Q_YAW_OUT_DQ
1262791965.019531 833.1620483398438 8.05597972869873 H1:ASC-AS_A_RF45_Q_YAW_OUT_DQ
1262792050.621093 850.7550048828125 10.130109786987305 H1:ASC-AS_A_RF45_Q_YAW_OUT_DQ
1262792166.9375 13.268850326538086 8.579389572143555 H1:ASC-AS_A_RF45_Q_YAW_OUT_DQ
1262792282.0625 31.99081039428711 7.884399890899658 H1:ASC-AS_A_RF45_Q_YAW_OUT_DQ
1262792312.917968 833.1620483398438 9.225640296936035 H1:ASC-AS_A_RF45_Q_YAW_OUT_DQ
1262792318.074218 850.7550048828125 9.441579818725586 H1:ASC-AS_A_RF45_Q_YAW_OUT_DQ
1262792320.722656 850.7550048828125 8.12594985961914 H1:ASC-AS_A_RF45_Q_YAW_OUT_DQ
1262792337.667968 850.7550048828125 8.344659805297852 H1:ASC-AS_A_RF45_Q_YAW_OUT_DQ
1262792373.199218 833.1620483398438 8.947540283203125 H1:ASC-AS_A_RF45_Q_YAW_OUT_DQ
1262792374.964843 850.7550048828125 8.341019630432129 H1:ASC-AS_A_RF45_Q_YAW_OUT_DQ
1262792376.613281 850.7550048828125 9.403610229492188 H1:ASC-AS_A_RF45_Q_YAW_OUT_DQ
1262792413.125 17.091270446777344 9.367679595947266 H1:ASC-AS_A_RF45_Q_YAW_OUT_DQ
1262792428.875 11.456850051879883 8.451549530029297 H1:ASC-AS_A_RF45_Q_YAW_OUT_DQ
1262792446.269531 833.1620483398438 8.465970039367676 H1:ASC-AS_A_RF45_Q_YAW_OUT_DQ
1262792446.410156 850.7550048828125 8.276309967041016 H1:ASC-AS_A_RF45_Q_YAW_OUT_DQ
1262792450.0625 13.268850326538086 8.027199745178223 H1:ASC-AS_A_RF45_Q_YAW_OUT_DQ
1262792584.980468 833.1620483398438 10.060830116271973 H1:ASC-AS_A_RF45_Q_YAW_OUT_DQ
1262792643.542968 833.1620483398438 8.071470260620117 H1:ASC-AS_A_RF45_Q_YAW_OUT_DQ
1262792655.089843 833.1620483398438 8.187700271606445 H1:ASC-AS_A_RF45_Q_YAW_OUT_DQ
1262792669.496093 850.7550048828125 8.310230255126953 H1:ASC-AS_A_RF45_Q_YAW_OUT_DQ
1262792742.074218 833.1620483398438 8.177519798278809 H1:ASC-AS_A_RF45_Q_YAW_OUT_DQ
1262792774.691406 833.1620483398438 8.375900268554688 H1:ASC-AS_A_RF45_Q_YAW_OUT_DQ
1262792779.863281 850.7550048828125 8.404809951782227 H1:ASC-AS_A_RF45_Q_YAW_OUT_DQ
1262792784.707031 850.7550048828125 9.445679664611816 H1:ASC-AS_A_RF45_Q_YAW_OUT_DQ
1262792806.222656 833.1620483398438 8.829270362854004 H1:ASC-AS_A_RF45_Q_YAW_OUT_DQ
1262792913.035156 850.7550048828125 7.758900165557861 H1:ASC-AS_A_RF45_Q_YAW_OUT_DQ
1262792945.75 12.4924898147583 9.519309997558594 H1:ASC-AS_A_RF45_Q_YAW_OUT_DQ
1262792986.464843 850.7550048828125 8.50298023223877 H1:ASC-AS_A_RF45_Q_YAW_OUT_DQ
1262793036.9375 31.99081039428711 8.073169708251953 H1:ASC-AS_A_RF45_Q_YAW_OUT_DQ
1262793041.832031 850.7550048828125 7.83243989944458 H1:ASC-AS_A_RF45_Q_YAW_OUT_DQ
1262793044.160156 850.7550048828125 8.404339790344238 H1:ASC-AS_A_RF45_Q_YAW_OUT_DQ
1262793048.324218 850.7550048828125 10.48943042755127 H1:ASC-AS_A_RF45_Q_YAW_OUT_DQ
1262793057.625 14.76554012298584 7.826000213623047 H1:ASC-AS_A_RF45_Q_YAW_OUT_DQ
1262793070.375 11.456850051879883 7.991829872131348 H1:ASC-AS_A_RF45_Q_YAW_OUT_DQ
1262793141.152343 850.7550048828125 9.82211971282959 H1:ASC-AS_A_RF45_Q_YAW_OUT_DQ
1262793183.121093 833.1620483398438 8.058030128479004 H1:ASC-AS_A_RF45_Q_YAW_OUT_DQ
1262793233.957031 560.1495361328125 8.079569816589355 H1:ASC-AS_A_RF45_Q_YAW_OUT_DQ
1262793236.136718 833.1620483398438 8.802080154418945 H1:ASC-AS_A_RF45_Q_YAW_OUT_DQ
1262793397.191406 850.7550048828125 8.75702953338623 H1:ASC-AS_A_RF45_Q_YAW_OUT_DQ
1262793398.675781 850.7550048828125 8.115989685058594 H1:ASC-AS_A_RF45_Q_YAW_OUT_DQ
1262793468.292968 833.1620483398438 7.9180498123168945 H1:ASC-AS_A_RF45_Q_YAW_OUT_DQ
1262793469.800781 850.7550048828125 8.209779739379883 H1:ASC-AS_A_RF45_Q_YAW_OUT_DQ
1262793471.375 11.456850051879883 7.7995100021362305 H1:ASC-AS_A_RF45_Q_YAW_OUT_DQ
1262793584.691406 850.7550048828125 8.991559982299805 H1:ASC-AS_A_RF45_Q_YAW_OUT_DQ
1262793614.144531 850.7550048828125 10.182559967041016 H1:ASC-AS_A_RF45_Q_YAW_OUT_DQ
1262793616.238281 833.1620483398438 11.508370399475098 H1:ASC-AS_A_RF45_Q_YAW_OUT_DQ
1262793618.9375 12.63506031036377 8.825770378112793 H1:ASC-AS_A_RF45_Q_YAW_OUT_DQ
1262793693.625 14.460200309753418 8.000829696655273 H1:ASC-AS_A_RF45_Q_YAW_OUT_DQ
1262793749.125 12.031539916992188 7.995530128479004 H1:ASC-AS_A_RF45_Q_YAW_OUT_DQ
1262793774.910156 833.1620483398438 9.03966999053955 H1:ASC-AS_A_RF45_Q_YAW_OUT_DQ
1262793787.410156 850.7550048828125 8.331339836120605 H1:ASC-AS_A_RF45_Q_YAW_OUT_DQ
1262793802.207031 833.1620483398438 8.390049934387207 H1:ASC-AS_A_RF45_Q_YAW_OUT_DQ
1262793805.050781 833.1620483398438 7.962309837341309 H1:ASC-AS_A_RF45_Q_YAW_OUT_DQ
1262793833.125 12.031539916992188 20.520870208740234 H1:ASC-AS_A_RF45_Q_YAW_OUT_DQ
1262793841.625 15.077320098876953 8.055089950561523 H1:ASC-AS_A_RF45_Q_YAW_OUT_DQ
1262793885.375 15.720789909362793 8.14169979095459 H1:ASC-AS_A_RF45_Q_YAW_OUT_DQ
1262793922.625 19.783340454101562 9.951800346374512 H1:ASC-AS_A_RF45_Q_YAW_OUT_DQ
1262793931.378906 833.1620483398438 8.30718994140625 H1:ASC-AS_A_RF45_Q_YAW_OUT_DQ
1262793956.0625 40.25783920288086 7.854000091552734 H1:ASC-AS_A_RF45_Q_YAW_OUT_DQ
1262793996.175781 850.7550048828125 8.703519821166992 H1:ASC-AS_A_RF45_Q_YAW_OUT_DQ
1262794006.125 19.374229431152344 7.8241801261901855 H1:ASC-AS_A_RF45_Q_YAW_OUT_DQ
1262794072.910156 833.1620483398438 8.714170455932617 H1:ASC-AS_A_RF45_Q_YAW_OUT_DQ
1262794085.1875 40.25783920288086 8.841059684753418 H1:ASC-AS_A_RF45_Q_YAW_OUT_DQ
1262794103.1875 40.25783920288086 9.64700984954834 H1:ASC-AS_A_RF45_Q_YAW_OUT_DQ
1262794115.4375 40.25783920288086 10.252420425415039 H1:ASC-AS_A_RF45_Q_YAW_OUT_DQ
1262794117.011718 868.7194213867188 8.210780143737793 H1:ASC-AS_A_RF45_Q_YAW_OUT_DQ
1262794249.667968 833.1620483398438 8.651559829711914 H1:ASC-AS_A_RF45_Q_YAW_OUT_DQ
1262794377.0625 31.99081039428711 13.174530029296875 H1:ASC-AS_A_RF45_Q_YAW_OUT_DQ
1262794383.625 12.031539916992188 9.178299903869629 H1:ASC-AS_A_RF45_Q_YAW_OUT_DQ
1262794394.730468 850.7550048828125 7.929470062255859 H1:ASC-AS_A_RF45_Q_YAW_OUT_DQ
1262794419.125 12.031539916992188 8.53264045715332 H1:ASC-AS_A_RF45_Q_YAW_OUT_DQ
1262794440.375 11.456850051879883 8.676190376281738 H1:ASC-AS_A_RF45_Q_YAW_OUT_DQ
1262794484.246093 833.1620483398438 9.823869705200195 H1:ASC-AS_A_RF45_Q_YAW_OUT_DQ
1262794488.125 12.031539916992188 9.048430442810059 H1:ASC-AS_A_RF45_Q_YAW_OUT_DQ
1262794539.089843 850.7550048828125 10.914839744567871 H1:ASC-AS_A_RF45_Q_YAW_OUT_DQ
1262794546.292968 833.1620483398438 8.151439666748047 H1:ASC-AS_A_RF45_Q_YAW_OUT_DQ
1262794556.125 12.031539916992188 8.00436019897461 H1:ASC-AS_A_RF45_Q_YAW_OUT_DQ
1262794561.628906 833.1620483398438 9.740960121154785 H1:ASC-AS_A_RF45_Q_YAW_OUT_DQ
1262794630.855468 833.1620483398438 11.04623031616211 H1:ASC-AS_A_RF45_Q_YAW_OUT_DQ
1262794681.847656 833.1620483398438 8.965120315551758 H1:ASC-AS_A_RF45_Q_YAW_OUT_DQ
1262794775.8125 12.63506031036377 8.071920394897461 H1:ASC-AS_A_RF45_Q_YAW_OUT_DQ
1262794784.777343 833.1620483398438 8.693490028381348 H1:ASC-AS_A_RF45_Q_YAW_OUT_DQ
1262794787.035156 833.1620483398438 8.626440048217773 H1:ASC-AS_A_RF45_Q_YAW_OUT_DQ
1262794886.222656 850.7550048828125 10.081199645996094 H1:ASC-AS_A_RF45_Q_YAW_OUT_DQ
1262794887.722656 833.1620483398438 9.188909530639648 H1:ASC-AS_A_RF45_Q_YAW_OUT_DQ
1262795007.582031 850.7550048828125 9.511409759521484 H1:ASC-AS_A_RF45_Q_YAW_OUT_DQ
1262795009.753906 560.1495361328125 8.739789962768555 H1:ASC-AS_A_RF45_Q_YAW_OUT_DQ
1262795026.191406 833.1620483398438 8.93673038482666 H1:ASC-AS_A_RF45_Q_YAW_OUT_DQ
1262795030.761718 850.7550048828125 8.860079765319824 H1:ASC-AS_A_RF45_Q_YAW_OUT_DQ
1262795082.410156 850.7550048828125 8.405159950256348 H1:ASC-AS_A_RF45_Q_YAW_OUT_DQ
1262795090.003906 833.1620483398438 8.119600296020508 H1:ASC-AS_A_RF45_Q_YAW_OUT_DQ
1262795109.472656 833.1620483398438 8.016189575195312 H1:ASC-AS_A_RF45_Q_YAW_OUT_DQ
1262795111.816406 850.7550048828125 9.580679893493652 H1:ASC-AS_A_RF45_Q_YAW_OUT_DQ
1262795113.558593 850.7550048828125 9.2916898727417 H1:ASC-AS_A_RF45_Q_YAW_OUT_DQ
1262795113.957031 833.1620483398438 8.459639549255371 H1:ASC-AS_A_RF45_Q_YAW_OUT_DQ
1262795160.65625 62.43471145629883 8.175259590148926 H1:ASC-AS_A_RF45_Q_YAW_OUT_DQ
1262795162.207031 850.7550048828125 9.592329978942871 H1:ASC-AS_A_RF45_Q_YAW_OUT_DQ
1262795227.371093 833.1620483398438 9.817079544067383 H1:ASC-AS_A_RF45_Q_YAW_OUT_DQ
1262795227.621093 850.7550048828125 7.948180198669434 H1:ASC-AS_A_RF45_Q_YAW_OUT_DQ
1262795269.53125 62.43471145629883 8.19340991973877 H1:ASC-AS_A_RF45_Q_YAW_OUT_DQ
1262795314.4375 14.633399963378906 10.859230041503906 H1:ASC-AS_A_RF45_Q_YAW_OUT_DQ
1262795323.261718 833.1620483398438 9.220540046691895 H1:ASC-AS_A_RF45_Q_YAW_OUT_DQ
1262795325.472656 850.7550048828125 8.053099632263184 H1:ASC-AS_A_RF45_Q_YAW_OUT_DQ
1262795378.375 16.052749633789062 9.486000061035156 H1:ASC-AS_A_RF45_Q_YAW_OUT_DQ
1262795454.042968 833.1620483398438 9.709259986877441 H1:ASC-AS_A_RF45_Q_YAW_OUT_DQ
1262795485.582031 850.7550048828125 7.95497989654541 H1:ASC-AS_A_RF45_Q_YAW_OUT_DQ
1262795608.660156 850.7550048828125 7.928860187530518 H1:ASC-AS_A_RF45_Q_YAW_OUT_DQ
1262795637.1875 13.268850326538086 9.421879768371582 H1:ASC-AS_A_RF45_Q_YAW_OUT_DQ
1262795644.875 10.388500213623047 8.011859893798828 H1:ASC-AS_A_RF45_Q_YAW_OUT_DQ
1262795678.875 15.395689964294434 12.873189926147461 H1:ASC-AS_A_RF45_Q_YAW_OUT_DQ
1262795682.375 17.091270446777344 11.406160354614258 H1:ASC-AS_A_RF45_Q_YAW_OUT_DQ
1262795686.625 15.395689964294434 8.343669891357422 H1:ASC-AS_A_RF45_Q_YAW_OUT_DQ
1262795715.625 12.031539916992188 8.663410186767578 H1:ASC-AS_A_RF45_Q_YAW_OUT_DQ
1262795756.5625 31.99081039428711 8.459219932556152 H1:ASC-AS_A_RF45_Q_YAW_OUT_DQ
1262795758.0625 31.99081039428711 8.0971097946167 H1:ASC-AS_A_RF45_Q_YAW_OUT_DQ
1262795813.375 16.39171028137207 8.783880233764648 H1:ASC-AS_A_RF45_Q_YAW_OUT_DQ
1262795871.253906 833.1620483398438 9.410209655761719 H1:ASC-AS_A_RF45_Q_YAW_OUT_DQ
1262795873.75 10.350799560546875 8.072199821472168 H1:ASC-AS_A_RF45_Q_YAW_OUT_DQ
1262795910.5625 31.99081039428711 9.858779907226562 H1:ASC-AS_A_RF45_Q_YAW_OUT_DQ
1262795912.6875 31.99081039428711 10.144129753112793 H1:ASC-AS_A_RF45_Q_YAW_OUT_DQ
1262795921.3125 31.99081039428711 7.8094000816345215 H1:ASC-AS_A_RF45_Q_YAW_OUT_DQ
1262795932.5625 31.99081039428711 9.597399711608887 H1:ASC-AS_A_RF45_Q_YAW_OUT_DQ
1262795936.9375 32.66632080078125 10.961640357971191 H1:ASC-AS_A_RF45_Q_YAW_OUT_DQ
1262795938.3125 31.99081039428711 10.13070011138916 H1:ASC-AS_A_RF45_Q_YAW_OUT_DQ
1262795945.3125 32.66632080078125 10.007369995117188 H1:ASC-AS_A_RF45_Q_YAW_OUT_DQ
1262795946.6875 32.66632080078125 9.47245979309082 H1:ASC-AS_A_RF45_Q_YAW_OUT_DQ
1262796062.3125 12.63506031036377 9.167530059814453 H1:ASC-AS_A_RF45_Q_YAW_OUT_DQ
1262796122.4375 31.99081039428711 8.423469543457031 H1:ASC-AS_A_RF45_Q_YAW_OUT_DQ
1262796129.9375 31.99081039428711 9.145569801330566 H1:ASC-AS_A_RF45_Q_YAW_OUT_DQ
1262796131.8125 31.99081039428711 12.88521957397461 H1:ASC-AS_A_RF45_Q_YAW_OUT_DQ
1262796161.4375 31.99081039428711 7.93897008895874 H1:ASC-AS_A_RF45_Q_YAW_OUT_DQ
1262796163.5625 31.99081039428711 10.027739524841309 H1:ASC-AS_A_RF45_Q_YAW_OUT_DQ
1262796313.875 10.9096097946167 7.966599941253662 H1:ASC-AS_A_RF45_Q_YAW_OUT_DQ
1262796317.285156 833.1620483398438 8.404509544372559 H1:ASC-AS_A_RF45_Q_YAW_OUT_DQ
1262796318.886718 833.1620483398438 7.791319847106934 H1:ASC-AS_A_RF45_Q_YAW_OUT_DQ
1262796386.125 12.031539916992188 9.975099563598633 H1:ASC-AS_A_RF45_Q_YAW_OUT_DQ
1262796620.875 10.9096097946167 7.852039813995361 H1:ASC-AS_A_RF45_Q_YAW_OUT_DQ
1262796843.15625 13.068099975585938 9.784669876098633 H1:ASC-AS_A_RF45_Q_YAW_OUT_DQ
1262796894.089843 833.1620483398438 11.141409873962402 H1:ASC-AS_A_RF45_Q_YAW_OUT_DQ
1262796895.5625 16.138290405273438 7.80879020690918 H1:ASC-AS_A_RF45_Q_YAW_OUT_DQ
1262796922.417968 833.1620483398438 9.264349937438965 H1:ASC-AS_A_RF45_Q_YAW_OUT_DQ
1262796922.621093 833.1620483398438 8.043410301208496 H1:ASC-AS_A_RF45_Q_YAW_OUT_DQ
1262796967.53125 13.068099975585938 9.482419967651367 H1:ASC-AS_A_RF45_Q_YAW_OUT_DQ
1262796989.875 20.201080322265625 8.386540412902832 H1:ASC-AS_A_RF45_Q_YAW_OUT_DQ
1262797045.875 11.456850051879883 10.271510124206543 H1:ASC-AS_A_RF45_Q_YAW_OUT_DQ
1262797048.8125 13.934430122375488 10.192680358886719 H1:ASC-AS_A_RF45_Q_YAW_OUT_DQ
1262797405.375 16.39171028137207 11.076979637145996 H1:ASC-AS_A_RF45_Q_YAW_OUT_DQ
1262797434.875 10.388500213623047 7.892079830169678 H1:ASC-AS_A_RF45_Q_YAW_OUT_DQ
1262797555.5625 31.99081039428711 8.183950424194336 H1:ASC-AS_A_RF45_Q_YAW_OUT_DQ
1262797563.5625 32.66632080078125 9.404359817504883 H1:ASC-AS_A_RF45_Q_YAW_OUT_DQ
1262797606.125 15.395689964294434 11.78264045715332 H1:ASC-AS_A_RF45_Q_YAW_OUT_DQ
1262797763.625 16.73784065246582 10.378140449523926 H1:ASC-AS_A_RF45_Q_YAW_OUT_DQ
1262797767.375 16.052749633789062 11.142029762268066 H1:ASC-AS_A_RF45_Q_YAW_OUT_DQ
1262797886.09375 13.068099975585938 10.186240196228027 H1:ASC-AS_A_RF45_Q_YAW_OUT_DQ
1262797892.933593 833.1620483398438 7.939459800720215 H1:ASC-AS_A_RF45_Q_YAW_OUT_DQ
1262797936.125 16.39171028137207 8.291970252990723 H1:ASC-AS_A_RF45_Q_YAW_OUT_DQ
1262797974.875 12.031539916992188 8.083669662475586 H1:ASC-AS_A_RF45_Q_YAW_OUT_DQ
1262798097.839843 833.1620483398438 8.69491958618164 H1:ASC-AS_A_RF45_Q_YAW_OUT_DQ
1262798389.625 12.031539916992188 9.913020133972168 H1:ASC-AS_A_RF45_Q_YAW_OUT_DQ
1262798439.6875 13.934430122375488 8.131400108337402 H1:ASC-AS_A_RF45_Q_YAW_OUT_DQ
1262798442.207031 833.1620483398438 8.238089561462402 H1:ASC-AS_A_RF45_Q_YAW_OUT_DQ
1262798548.058593 560.1495361328125 7.792689800262451 H1:ASC-AS_A_RF45_Q_YAW_OUT_DQ
1262798571.875 16.73784065246582 15.84119987487793 H1:ASC-AS_A_RF45_Q_YAW_OUT_DQ
1262798823.4375 15.367440223693848 10.100199699401855 H1:ASC-AS_A_RF45_Q_YAW_OUT_DQ
1262798834.625 17.091270446777344 11.476240158081055 H1:ASC-AS_A_RF45_Q_YAW_OUT_DQ
1262798852.375 16.39171028137207 11.527600288391113 H1:ASC-AS_A_RF45_Q_YAW_OUT_DQ
1262798882.59375 13.068099975585938 9.17903995513916 H1:ASC-AS_A_RF45_Q_YAW_OUT_DQ
1262798936.375 15.720789909362793 11.298040390014648 H1:ASC-AS_A_RF45_Q_YAW_OUT_DQ
1262798972.625 15.077320098876953 11.017370223999023 H1:ASC-AS_A_RF45_Q_YAW_OUT_DQ
1262799007.125 18.973590850830078 21.3906307220459 H1:ASC-AS_A_RF45_Q_YAW_OUT_DQ
1262799151.082031 833.1620483398438 7.882689952850342 H1:ASC-AS_A_RF45_Q_YAW_OUT_DQ
1262799213.3125 13.268850326538086 7.791900157928467 H1:ASC-AS_A_RF45_Q_YAW_OUT_DQ
1262799288.8125 31.99081039428711 10.538000106811523 H1:ASC-AS_A_RF45_Q_YAW_OUT_DQ
1262799500.1875 32.66632080078125 8.166580200195312 H1:ASC-AS_A_RF45_Q_YAW_OUT_DQ
1262799644.0625 39.42533874511719 8.495240211486816 H1:ASC-AS_A_RF45_Q_YAW_OUT_DQ
1262799707.152343 850.7550048828125 10.699649810791016 H1:ASC-AS_A_RF45_Q_YAW_OUT_DQ
1262799738.886718 833.1620483398438 7.7794599533081055 H1:ASC-AS_A_RF45_Q_YAW_OUT_DQ
1262799740.464843 850.7550048828125 8.332989692687988 H1:ASC-AS_A_RF45_Q_YAW_OUT_DQ
1262799762.761718 850.7550048828125 9.838520050048828 H1:ASC-AS_A_RF45_Q_YAW_OUT_DQ
1262799815.480468 850.7550048828125 9.394189834594727 H1:ASC-AS_A_RF45_Q_YAW_OUT_DQ
1262800148.949218 850.7550048828125 8.980389595031738 H1:ASC-AS_A_RF45_Q_YAW_OUT_DQ
1262800188.375 16.052749633789062 15.465279579162598 H1:ASC-AS_A_RF45_Q_YAW_OUT_DQ
1262800212.6875 14.633399963378906 14.981929779052734 H1:ASC-AS_A_RF45_Q_YAW_OUT_DQ
1262800237.386718 850.7550048828125 7.9485697746276855 H1:ASC-AS_A_RF45_Q_YAW_OUT_DQ
1262800408.1875 32.66632080078125 8.428990364074707 H1:ASC-AS_A_RF45_Q_YAW_OUT_DQ
1262800457.9375 14.633399963378906 9.102689743041992 H1:ASC-AS_A_RF45_Q_YAW_OUT_DQ
1262800460.050781 850.7550048828125 10.069000244140625 H1:ASC-AS_A_RF45_Q_YAW_OUT_DQ
1262800580.3125 31.99081039428711 8.052570343017578 H1:ASC-AS_A_RF45_Q_YAW_OUT_DQ
1262800581.894531 833.1620483398438 9.414119720458984 H1:ASC-AS_A_RF45_Q_YAW_OUT_DQ
1262800916.238281 833.1620483398438 10.797019958496094 H1:ASC-AS_A_RF45_Q_YAW_OUT_DQ
1262801233.4375 40.25783920288086 9.343179702758789 H1:ASC-AS_A_RF45_Q_YAW_OUT_DQ
1262801264.183593 833.1620483398438 8.225910186767578 H1:ASC-AS_A_RF45_Q_YAW_OUT_DQ
1262801279.738281 833.1620483398438 7.964000225067139 H1:ASC-AS_A_RF45_Q_YAW_OUT_DQ
1262801328.625 10.9096097946167 7.836490154266357 H1:ASC-AS_A_RF45_Q_YAW_OUT_DQ
1262801346.9375 32.66632080078125 8.951009750366211 H1:ASC-AS_A_RF45_Q_YAW_OUT_DQ
1262801352.0625 32.66632080078125 8.438859939575195 H1:ASC-AS_A_RF45_Q_YAW_OUT_DQ
1262801358.035156 850.7550048828125 7.783969879150391 H1:ASC-AS_A_RF45_Q_YAW_OUT_DQ
1262801359.839843 850.7550048828125 8.055680274963379 H1:ASC-AS_A_RF45_Q_YAW_OUT_DQ
1262801459.1875 13.268850326538086 7.915229797363281 H1:ASC-AS_A_RF45_Q_YAW_OUT_DQ
1262801495.246093 850.7550048828125 11.577560424804688 H1:ASC-AS_A_RF45_Q_YAW_OUT_DQ
1262801631.875 10.388500213623047 10.073760032653809 H1:ASC-AS_A_RF45_Q_YAW_OUT_DQ
1262801690.253906 850.7550048828125 8.26414966583252 H1:ASC-AS_A_RF45_Q_YAW_OUT_DQ
1262801724.816406 833.1620483398438 11.382129669189453 H1:ASC-AS_A_RF45_Q_YAW_OUT_DQ
1262801726.691406 850.7550048828125 8.35431957244873 H1:ASC-AS_A_RF45_Q_YAW_OUT_DQ
1262801748.957031 850.7550048828125 7.904449939727783 H1:ASC-AS_A_RF45_Q_YAW_OUT_DQ
1262801761.167968 850.7550048828125 8.399740219116211 H1:ASC-AS_A_RF45_Q_YAW_OUT_DQ
1262801770.644531 850.7550048828125 9.918560028076172 H1:ASC-AS_A_RF45_Q_YAW_OUT_DQ
1262801815.628906 850.7550048828125 8.537030220031738 H1:ASC-AS_A_RF45_Q_YAW_OUT_DQ
1262801826.300781 833.1620483398438 9.05817985534668 H1:ASC-AS_A_RF45_Q_YAW_OUT_DQ
1262801834.125 11.456850051879883 10.510169982910156 H1:ASC-AS_A_RF45_Q_YAW_OUT_DQ
1262801905.980468 850.7550048828125 12.790189743041992 H1:ASC-AS_A_RF45_Q_YAW_OUT_DQ
1262802001.050781 833.1620483398438 8.130060195922852 H1:ASC-AS_A_RF45_Q_YAW_OUT_DQ
1262802035.277343 833.1620483398438 7.953199863433838 H1:ASC-AS_A_RF45_Q_YAW_OUT_DQ
1262802286.988281 850.7550048828125 8.10929012298584 H1:ASC-AS_A_RF45_Q_YAW_OUT_DQ
1262802335.738281 833.1620483398438 9.414569854736328 H1:ASC-AS_A_RF45_Q_YAW_OUT_DQ
1262802459.875 16.052749633789062 14.659700393676758 H1:ASC-AS_A_RF45_Q_YAW_OUT_DQ
1262802633.511718 833.1620483398438 8.111129760742188 H1:ASC-AS_A_RF45_Q_YAW_OUT_DQ
1262802642.90625 16.373680114746094 7.814370155334473 H1:ASC-AS_A_RF45_Q_YAW_OUT_DQ
1262802707.957031 850.7550048828125 8.131119728088379 H1:ASC-AS_A_RF45_Q_YAW_OUT_DQ
1262802776.769531 850.7550048828125 7.771910190582275 H1:ASC-AS_A_RF45_Q_YAW_OUT_DQ
1262802813.871093 850.7550048828125 9.289950370788574 H1:ASC-AS_A_RF45_Q_YAW_OUT_DQ
1262802976.125 17.45216941833496 9.41666030883789 H1:ASC-AS_A_RF45_Q_YAW_OUT_DQ
1262803137.136718 850.7550048828125 7.972640037536621 H1:ASC-AS_A_RF45_Q_YAW_OUT_DQ
1262803179.371093 850.7550048828125 8.776510238647461 H1:ASC-AS_A_RF45_Q_YAW_OUT_DQ
1262803710.8125 16.94780921936035 13.390740394592285 H1:ASC-AS_A_RF45_Q_YAW_OUT_DQ
1262803772.6875 20.61284065246582 18.19948959350586 H1:ASC-AS_A_RF45_Q_YAW_OUT_DQ
1262803875.625 15.395689964294434 17.497039794921875 H1:ASC-AS_A_RF45_Q_YAW_OUT_DQ
1262804012.839843 833.1620483398438 7.840400218963623 H1:ASC-AS_A_RF45_Q_YAW_OUT_DQ
1262804014.246093 833.1620483398438 12.128600120544434 H1:ASC-AS_A_RF45_Q_YAW_OUT_DQ
1262804045.777343 833.1620483398438 9.36909008026123 H1:ASC-AS_A_RF45_Q_YAW_OUT_DQ
1262804222.8125 14.633399963378906 12.348159790039062 H1:ASC-AS_A_RF45_Q_YAW_OUT_DQ
1262804233.375 12.031539916992188 15.160759925842285 H1:ASC-AS_A_RF45_Q_YAW_OUT_DQ
1262804541.4375 31.99081039428711 8.155770301818848 H1:ASC-AS_A_RF45_Q_YAW_OUT_DQ
1262804606.574218 560.1495361328125 9.282739639282227 H1:ASC-AS_A_RF45_Q_YAW_OUT_DQ
1262804751.875 14.76554012298584 16.680599212646484 H1:ASC-AS_A_RF45_Q_YAW_OUT_DQ
1262804929.4375 16.94780921936035 19.338300704956055 H1:ASC-AS_A_RF45_Q_YAW_OUT_DQ
1262804958.3125 32.66632080078125 8.518509864807129 H1:ASC-AS_A_RF45_Q_YAW_OUT_DQ
1262804961.96875 14.627809524536133 8.061269760131836 H1:ASC-AS_A_RF45_Q_YAW_OUT_DQ
1262805048.875 10.388500213623047 9.563150405883789 H1:ASC-AS_A_RF45_Q_YAW_OUT_DQ
1262805446.1875 32.66632080078125 8.430219650268555 H1:ASC-AS_A_RF45_Q_YAW_OUT_DQ
1262805496.75 12.756279945373535 21.13821029663086 H1:ASC-AS_A_RF45_Q_YAW_OUT_DQ
1262805508.9375 14.633399963378906 13.94478988647461 H1:ASC-AS_A_RF45_Q_YAW_OUT_DQ
1262805590.5625 31.99081039428711 8.376790046691895 H1:ASC-AS_A_RF45_Q_YAW_OUT_DQ
1262805607.875 16.052749633789062 13.137709617614746 H1:ASC-AS_A_RF45_Q_YAW_OUT_DQ
1262805974.9375 32.66632080078125 8.532649993896484 H1:ASC-AS_A_RF45_Q_YAW_OUT_DQ
1262805981.871093 833.1620483398438 8.44456958770752 H1:ASC-AS_A_RF45_Q_YAW_OUT_DQ
1262806028.375 14.76554012298584 17.610279083251953 H1:ASC-AS_A_RF45_Q_YAW_OUT_DQ
1262806046.125 14.460200309753418 18.00473976135254 H1:ASC-AS_A_RF45_Q_YAW_OUT_DQ
1262806064.402343 850.7550048828125 10.12263011932373 H1:ASC-AS_A_RF45_Q_YAW_OUT_DQ
1262806194.964843 833.1620483398438 8.141770362854004 H1:ASC-AS_A_RF45_Q_YAW_OUT_DQ
1262806358.625 10.9096097946167 8.133150100708008 H1:ASC-AS_A_RF45_Q_YAW_OUT_DQ
1262806396.875 14.460200309753418 17.45326042175293 H1:ASC-AS_A_RF45_Q_YAW_OUT_DQ
1262806416.375 15.395689964294434 18.195209503173828 H1:ASC-AS_A_RF45_Q_YAW_OUT_DQ
1262806599.550781 850.7550048828125 11.625100135803223 H1:ASC-AS_A_RF45_Q_YAW_OUT_DQ
1262806606.25 11.020440101623535 13.134129524230957 H1:ASC-AS_A_RF45_Q_YAW_OUT_DQ
1262806623.125 12.031539916992188 9.383790016174316 H1:ASC-AS_A_RF45_Q_YAW_OUT_DQ
1262806638.125 14.460200309753418 14.474900245666504 H1:ASC-AS_A_RF45_Q_YAW_OUT_DQ
1262806813.5625 32.66632080078125 11.181870460510254 H1:ASC-AS_A_RF45_Q_YAW_OUT_DQ
1262806819.6875 32.66632080078125 8.150059700012207 H1:ASC-AS_A_RF45_Q_YAW_OUT_DQ
1262806919.09375 13.068099975585938 12.004480361938477 H1:ASC-AS_A_RF45_Q_YAW_OUT_DQ
1262806996.8125 31.99081039428711 8.685059547424316 H1:ASC-AS_A_RF45_Q_YAW_OUT_DQ
1262807043.0625 14.633399963378906 9.255559921264648 H1:ASC-AS_A_RF45_Q_YAW_OUT_DQ
1262807125.1875 32.66632080078125 8.037099838256836 H1:ASC-AS_A_RF45_Q_YAW_OUT_DQ
1262807219.3125 31.99081039428711 10.115389823913574 H1:ASC-AS_A_RF45_Q_YAW_OUT_DQ
1262807233.5625 31.99081039428711 8.009079933166504 H1:ASC-AS_A_RF45_Q_YAW_OUT_DQ
1262807267.019531 560.1495361328125 8.019410133361816 H1:ASC-AS_A_RF45_Q_YAW_OUT_DQ
1262807270.9375 31.99081039428711 9.10299015045166 H1:ASC-AS_A_RF45_Q_YAW_OUT_DQ
1262807354.375 16.052749633789062 13.870659828186035 H1:ASC-AS_A_RF45_Q_YAW_OUT_DQ
1262807379.3125 16.94780921936035 13.186240196228027 H1:ASC-AS_A_RF45_Q_YAW_OUT_DQ
1262807493.875 16.052749633789062 14.901399612426758 H1:ASC-AS_A_RF45_Q_YAW_OUT_DQ
1262807603.53125 10.42986011505127 8.367030143737793 H1:ASC-AS_A_RF45_Q_YAW_OUT_DQ
1262807859.988281 833.1620483398438 8.324440002441406 H1:ASC-AS_A_RF45_Q_YAW_OUT_DQ
1262807891.875 14.460200309753418 20.484209060668945 H1:ASC-AS_A_RF45_Q_YAW_OUT_DQ
1262808087.660156 833.1620483398438 7.7582597732543945 H1:ASC-AS_A_RF45_Q_YAW_OUT_DQ
1262808087.925781 833.1620483398438 10.612070083618164 H1:ASC-AS_A_RF45_Q_YAW_OUT_DQ
1262808363.0625 31.99081039428711 9.494339942932129 H1:ASC-AS_A_RF45_Q_YAW_OUT_DQ
1262808376.0625 31.99081039428711 8.680879592895508 H1:ASC-AS_A_RF45_Q_YAW_OUT_DQ
1262808571.550781 833.1620483398438 8.29319953918457 H1:ASC-AS_A_RF45_Q_YAW_OUT_DQ
1262808743.964843 833.1620483398438 8.357270240783691 H1:ASC-AS_A_RF45_Q_YAW_OUT_DQ
1262808744.269531 833.1620483398438 8.638400077819824 H1:ASC-AS_A_RF45_Q_YAW_OUT_DQ
1262808826.0625 32.66632080078125 8.111570358276367 H1:ASC-AS_A_RF45_Q_YAW_OUT_DQ
1262808830.1875 31.99081039428711 10.480070114135742 H1:ASC-AS_A_RF45_Q_YAW_OUT_DQ
1262808832.375 10.9096097946167 9.354479789733887 H1:ASC-AS_A_RF45_Q_YAW_OUT_DQ
1262808862.160156 850.7550048828125 7.775469779968262 H1:ASC-AS_A_RF45_Q_YAW_OUT_DQ
1262809013.625 14.460200309753418 11.588199615478516 H1:ASC-AS_A_RF45_Q_YAW_OUT_DQ
1262809069.625 10.388500213623047 7.830840110778809 H1:ASC-AS_A_RF45_Q_YAW_OUT_DQ
1262809091.875 14.460200309753418 17.14212989807129 H1:ASC-AS_A_RF45_Q_YAW_OUT_DQ
1262809104.1875 31.99081039428711 8.228119850158691 H1:ASC-AS_A_RF45_Q_YAW_OUT_DQ
1262809135.125 10.388500213623047 8.170980453491211 H1:ASC-AS_A_RF45_Q_YAW_OUT_DQ
1262809220.53125 11.674690246582031 9.13994026184082 H1:ASC-AS_A_RF45_Q_YAW_OUT_DQ
1262809248.625 10.9096097946167 8.323209762573242 H1:ASC-AS_A_RF45_Q_YAW_OUT_DQ
1262809352.375 10.388500213623047 7.87992000579834 H1:ASC-AS_A_RF45_Q_YAW_OUT_DQ
1262809355.8125 13.934430122375488 8.316499710083008 H1:ASC-AS_A_RF45_Q_YAW_OUT_DQ
1262809404.5625 13.268850326538086 9.233940124511719 H1:ASC-AS_A_RF45_Q_YAW_OUT_DQ
1262809422.71875 32.021541595458984 7.958119869232178 H1:ASC-AS_A_RF45_Q_YAW_OUT_DQ
1262809490.660156 833.1620483398438 8.31033992767334 H1:ASC-AS_A_RF45_Q_YAW_OUT_DQ
1262809562.875 16.39171028137207 10.285099983215332 H1:ASC-AS_A_RF45_Q_YAW_OUT_DQ
1262809568.277343 850.7550048828125 9.373290061950684 H1:ASC-AS_A_RF45_Q_YAW_OUT_DQ
1262809601.875 12.031539916992188 9.394989967346191 H1:ASC-AS_A_RF45_Q_YAW_OUT_DQ
1262809639.199218 850.7550048828125 8.46030044555664 H1:ASC-AS_A_RF45_Q_YAW_OUT_DQ
1262809904.125 11.456850051879883 9.964369773864746 H1:ASC-AS_A_RF45_Q_YAW_OUT_DQ
1262810155.738281 850.7550048828125 7.854750156402588 H1:ASC-AS_A_RF45_Q_YAW_OUT_DQ
1262810293.644531 833.1620483398438 8.200920104980469 H1:ASC-AS_A_RF45_Q_YAW_OUT_DQ
1262810339.8125 31.99081039428711 8.2841796875 H1:ASC-AS_A_RF45_Q_YAW_OUT_DQ
1262810341.1875 12.63506031036377 8.763349533081055 H1:ASC-AS_A_RF45_Q_YAW_OUT_DQ
1262810384.777343 850.7550048828125 9.084750175476074 H1:ASC-AS_A_RF45_Q_YAW_OUT_DQ
1262810386.59375 14.627809524536133 7.986780166625977 H1:ASC-AS_A_RF45_Q_YAW_OUT_DQ
1262810403.25 10.56935977935791 10.001700401306152 H1:ASC-AS_A_RF45_Q_YAW_OUT_DQ
1262810416.527343 833.1620483398438 13.485600471496582 H1:ASC-AS_A_RF45_Q_YAW_OUT_DQ
1262810437.25 14.16117000579834 14.359100341796875 H1:ASC-AS_A_RF45_Q_YAW_OUT_DQ
1262810485.285156 850.7550048828125 8.24209976196289 H1:ASC-AS_A_RF45_Q_YAW_OUT_DQ
1262810514.625 15.395689964294434 14.818449974060059 H1:ASC-AS_A_RF45_Q_YAW_OUT_DQ
1262810598.5625 15.367440223693848 12.003939628601074 H1:ASC-AS_A_RF45_Q_YAW_OUT_DQ
1262810633.375 16.052749633789062 8.015430450439453 H1:ASC-AS_A_RF45_Q_YAW_OUT_DQ
1262810673.691406 850.7550048828125 8.22704029083252 H1:ASC-AS_A_RF45_Q_YAW_OUT_DQ
1262810737.84375 13.068099975585938 8.811849594116211 H1:ASC-AS_A_RF45_Q_YAW_OUT_DQ
1262810781.375 11.456850051879883 9.966970443725586 H1:ASC-AS_A_RF45_Q_YAW_OUT_DQ
1262810799.65625 32.021541595458984 8.08076000213623 H1:ASC-AS_A_RF45_Q_YAW_OUT_DQ
1262810801.074218 833.1620483398438 8.628270149230957 H1:ASC-AS_A_RF45_Q_YAW_OUT_DQ
1262810842.375 10.388500213623047 8.996689796447754 H1:ASC-AS_A_RF45_Q_YAW_OUT_DQ
1262810957.5625 32.66632080078125 8.680020332336426 H1:ASC-AS_A_RF45_Q_YAW_OUT_DQ
1262810983.125 10.9096097946167 9.22998046875 H1:ASC-AS_A_RF45_Q_YAW_OUT_DQ
1262811027.25 12.4924898147583 12.993249893188477 H1:ASC-AS_A_RF45_Q_YAW_OUT_DQ
1262811150.21875 14.627809524536133 8.266889572143555 H1:ASC-AS_A_RF45_Q_YAW_OUT_DQ
1262811251.375 19.374229431152344 7.971039772033691 H1:ASC-AS_A_RF45_Q_YAW_OUT_DQ
1262811318.125 17.091270446777344 12.870940208435059 H1:ASC-AS_A_RF45_Q_YAW_OUT_DQ
1262811389.125 10.388500213623047 8.970549583435059 H1:ASC-AS_A_RF45_Q_YAW_OUT_DQ
1262811478.625 16.73784065246582 15.653229713439941 H1:ASC-AS_A_RF45_Q_YAW_OUT_DQ
1262811585.160156 560.1495361328125 7.791049957275391 H1:ASC-AS_A_RF45_Q_YAW_OUT_DQ
1262811657.125 12.031539916992188 11.993630409240723 H1:ASC-AS_A_RF45_Q_YAW_OUT_DQ
1262811742.625 10.388500213623047 9.985870361328125 H1:ASC-AS_A_RF45_Q_YAW_OUT_DQ
1262811790.9375 31.99081039428711 8.026510238647461 H1:ASC-AS_A_RF45_Q_YAW_OUT_DQ
1262811932.125 16.052749633789062 7.8229498863220215 H1:ASC-AS_A_RF45_Q_YAW_OUT_DQ
1262811936.074218 850.7550048828125 8.688139915466309 H1:ASC-AS_A_RF45_Q_YAW_OUT_DQ
1262811937.613281 833.1620483398438 8.530460357666016 H1:ASC-AS_A_RF45_Q_YAW_OUT_DQ
1262812094.6875 32.66632080078125 8.64758014678955 H1:ASC-AS_A_RF45_Q_YAW_OUT_DQ
1262812193.5625 32.66632080078125 8.217240333557129 H1:ASC-AS_A_RF45_Q_YAW_OUT_DQ
1262812276.5625 32.66632080078125 8.574509620666504 H1:ASC-AS_A_RF45_Q_YAW_OUT_DQ
1262812281.9375 32.66632080078125 7.891479969024658 H1:ASC-AS_A_RF45_Q_YAW_OUT_DQ
1262812426.375 19.783340454101562 8.080869674682617 H1:ASC-AS_A_RF45_Q_YAW_OUT_DQ
1262812432.3125 40.25783920288086 7.919219970703125 H1:ASC-AS_A_RF45_Q_YAW_OUT_DQ
1262812473.511718 850.7550048828125 8.155679702758789 H1:ASC-AS_A_RF45_Q_YAW_OUT_DQ
1262812485.980468 850.7550048828125 7.7949700355529785 H1:ASC-AS_A_RF45_Q_YAW_OUT_DQ
1262812635.1875 31.99081039428711 8.4622802734375 H1:ASC-AS_A_RF45_Q_YAW_OUT_DQ
1262812728.78125 13.068099975585938 13.048110008239746 H1:ASC-AS_A_RF45_Q_YAW_OUT_DQ
1262812754.707031 833.1620483398438 7.984169960021973 H1:ASC-AS_A_RF45_Q_YAW_OUT_DQ
1262812763.097656 850.7550048828125 8.103560447692871 H1:ASC-AS_A_RF45_Q_YAW_OUT_DQ
1262812800.128906 833.1620483398438 8.895779609680176 H1:ASC-AS_A_RF45_Q_YAW_OUT_DQ
1262812874.0625 32.66632080078125 8.327369689941406 H1:ASC-AS_A_RF45_Q_YAW_OUT_DQ
1262812878.1875 31.99081039428711 8.457799911499023 H1:ASC-AS_A_RF45_Q_YAW_OUT_DQ
1262812890.1875 31.99081039428711 7.818299770355225 H1:ASC-AS_A_RF45_Q_YAW_OUT_DQ
1262812897.125 12.031539916992188 14.252599716186523 H1:ASC-AS_A_RF45_Q_YAW_OUT_DQ
1262812911.4375 31.99081039428711 8.76196002960205 H1:ASC-AS_A_RF45_Q_YAW_OUT_DQ
1262812979.8125 31.99081039428711 8.911669731140137 H1:ASC-AS_A_RF45_Q_YAW_OUT_DQ
1262813025.519531 833.1620483398438 8.881779670715332 H1:ASC-AS_A_RF45_Q_YAW_OUT_DQ
1262813027.496093 833.1620483398438 10.85155963897705 H1:ASC-AS_A_RF45_Q_YAW_OUT_DQ
1262813154.972656 850.7550048828125 8.495779991149902 H1:ASC-AS_A_RF45_Q_YAW_OUT_DQ
1262813162.6875 13.934430122375488 9.360170364379883 H1:ASC-AS_A_RF45_Q_YAW_OUT_DQ
1262813199.878906 850.7550048828125 8.252140045166016 H1:ASC-AS_A_RF45_Q_YAW_OUT_DQ
1262813201.707031 850.7550048828125 14.037859916687012 H1:ASC-AS_A_RF45_Q_YAW_OUT_DQ
1262813203.707031 560.1495361328125 11.178119659423828 H1:ASC-AS_A_RF45_Q_YAW_OUT_DQ
1262813353.0625 31.99081039428711 8.556920051574707 H1:ASC-AS_A_RF45_Q_YAW_OUT_DQ
1262813572.625 15.720789909362793 11.88644027709961 H1:ASC-AS_A_RF45_Q_YAW_OUT_DQ
1262813713.875 12.031539916992188 13.049650192260742 H1:ASC-AS_A_RF45_Q_YAW_OUT_DQ
1262813721.84375 13.068099975585938 10.853819847106934 H1:ASC-AS_A_RF45_Q_YAW_OUT_DQ
1262813741.894531 833.1620483398438 11.385000228881836 H1:ASC-AS_A_RF45_Q_YAW_OUT_DQ
1262813800.875 15.395689964294434 11.926409721374512 H1:ASC-AS_A_RF45_Q_YAW_OUT_DQ
1262813817.625 17.45216941833496 8.175379753112793 H1:ASC-AS_A_RF45_Q_YAW_OUT_DQ
1262813833.125 15.720789909362793 10.646679878234863 H1:ASC-AS_A_RF45_Q_YAW_OUT_DQ
1262813854.949218 833.1620483398438 8.838419914245605 H1:ASC-AS_A_RF45_Q_YAW_OUT_DQ
1262814007.0625 32.66632080078125 7.796780109405518 H1:ASC-AS_A_RF45_Q_YAW_OUT_DQ
1262814022.417968 850.7550048828125 8.947139739990234 H1:ASC-AS_A_RF45_Q_YAW_OUT_DQ
1262814024.691406 850.7550048828125 8.052519798278809 H1:ASC-AS_A_RF45_Q_YAW_OUT_DQ
1262814193.832031 833.1620483398438 8.729249954223633 H1:ASC-AS_A_RF45_Q_YAW_OUT_DQ
1262814202.9375 32.66632080078125 8.108110427856445 H1:ASC-AS_A_RF45_Q_YAW_OUT_DQ
1262814257.625 15.720789909362793 14.914329528808594 H1:ASC-AS_A_RF45_Q_YAW_OUT_DQ
1262814268.625 14.76554012298584 15.78635025024414 H1:ASC-AS_A_RF45_Q_YAW_OUT_DQ
1262814371.375 17.091270446777344 8.579950332641602 H1:ASC-AS_A_RF45_Q_YAW_OUT_DQ
1262814485.824218 850.7550048828125 9.747900009155273 H1:ASC-AS_A_RF45_Q_YAW_OUT_DQ
1262814498.125 10.388500213623047 7.8655500411987305 H1:ASC-AS_A_RF45_Q_YAW_OUT_DQ
1262814839.5625 13.934430122375488 7.943389892578125 H1:ASC-AS_A_RF45_Q_YAW_OUT_DQ
1262814848.5625 13.934430122375488 7.798580169677734 H1:ASC-AS_A_RF45_Q_YAW_OUT_DQ
1262814970.308593 850.7550048828125 8.089520454406738 H1:ASC-AS_A_RF45_Q_YAW_OUT_DQ
1262815194.433593 850.7550048828125 7.858809947967529 H1:ASC-AS_A_RF45_Q_YAW_OUT_DQ
1262815213.8125 32.66632080078125 10.101570129394531 H1:ASC-AS_A_RF45_Q_YAW_OUT_DQ
1262815220.980468 850.7550048828125 8.88323974609375 H1:ASC-AS_A_RF45_Q_YAW_OUT_DQ
1262815328.1875 14.633399963378906 7.835599899291992 H1:ASC-AS_A_RF45_Q_YAW_OUT_DQ
1262815432.8125 13.934430122375488 10.172920227050781 H1:ASC-AS_A_RF45_Q_YAW_OUT_DQ
1262815499.167968 850.7550048828125 7.8876800537109375 H1:ASC-AS_A_RF45_Q_YAW_OUT_DQ
1262815525.46875 16.373680114746094 7.921609878540039 H1:ASC-AS_A_RF45_Q_YAW_OUT_DQ
1262815544.625 10.388500213623047 8.146530151367188 H1:ASC-AS_A_RF45_Q_YAW_OUT_DQ
1262815576.6875 32.66632080078125 10.202569961547852 H1:ASC-AS_A_RF45_Q_YAW_OUT_DQ
1262815663.847656 850.7550048828125 8.278739929199219 H1:ASC-AS_A_RF45_Q_YAW_OUT_DQ
1262815707.816406 548.5660400390625 8.464539527893066 H1:ASC-AS_A_RF45_Q_YAW_OUT_DQ
1262815728.84375 13.068099975585938 9.907299995422363 H1:ASC-AS_A_RF45_Q_YAW_OUT_DQ
1262815765.300781 850.7550048828125 8.028610229492188 H1:ASC-AS_A_RF45_Q_YAW_OUT_DQ
1262815869.40625 103.09242248535156 7.797170162200928 H1:ASC-AS_A_RF45_Q_YAW_OUT_DQ
1262815874.53125 103.09242248535156 8.020700454711914 H1:ASC-AS_A_RF45_Q_YAW_OUT_DQ
1262815878.222656 833.1620483398438 8.067689895629883 H1:ASC-AS_A_RF45_Q_YAW_OUT_DQ
1262816117.621093 850.7550048828125 8.129759788513184 H1:ASC-AS_A_RF45_Q_YAW_OUT_DQ
1262816152.625 16.052749633789062 13.525589942932129 H1:ASC-AS_A_RF45_Q_YAW_OUT_DQ
1262816187.375 11.456850051879883 8.747209548950195 H1:ASC-AS_A_RF45_Q_YAW_OUT_DQ
1262816190.875 10.9096097946167 9.95083999633789 H1:ASC-AS_A_RF45_Q_YAW_OUT_DQ
1262816434.011718 833.1620483398438 8.154370307922363 H1:ASC-AS_A_RF45_Q_YAW_OUT_DQ
1262816439.035156 850.7550048828125 9.900259971618652 H1:ASC-AS_A_RF45_Q_YAW_OUT_DQ
1262816550.464843 560.1495361328125 7.9067301750183105 H1:ASC-AS_A_RF45_Q_YAW_OUT_DQ
1262817016.917968 833.1620483398438 8.283949851989746 H1:ASC-AS_A_RF45_Q_YAW_OUT_DQ
1262817042.375 10.9096097946167 10.673680305480957 H1:ASC-AS_A_RF45_Q_YAW_OUT_DQ
1262817053.375 10.9096097946167 12.224989891052246 H1:ASC-AS_A_RF45_Q_YAW_OUT_DQ
1262817153.375 10.388500213623047 9.337980270385742 H1:ASC-AS_A_RF45_Q_YAW_OUT_DQ
1262817255.125 15.395689964294434 12.895090103149414 H1:ASC-AS_A_RF45_Q_YAW_OUT_DQ
1262817465.875 10.9096097946167 8.617280006408691 H1:ASC-AS_A_RF45_Q_YAW_OUT_DQ
1262817468.3125 31.99081039428711 9.664369583129883 H1:ASC-AS_A_RF45_Q_YAW_OUT_DQ
1262817485.3125 40.25783920288086 9.344149589538574 H1:ASC-AS_A_RF45_Q_YAW_OUT_DQ
