time peak_frequency snr channel
1262736556.625 11.451519966125488 15.372960090637207 H1:ASC-SRC2_Y_OUT_DQ
1262736691.875 11.451519966125488 15.651789665222168 H1:ASC-SRC2_Y_OUT_DQ
1262737330.875 11.039270401000977 9.554869651794434 H1:ASC-SRC2_Y_OUT_DQ
1262737608.1875 11.191410064697266 8.019269943237305 H1:ASC-SRC2_Y_OUT_DQ
1262737664.875 11.039270401000977 14.268969535827637 H1:ASC-SRC2_Y_OUT_DQ
1262737669.875 14.269209861755371 12.591690063476562 H1:ASC-SRC2_Y_OUT_DQ
1262737774.125 11.451519966125488 8.286499977111816 H1:ASC-SRC2_Y_OUT_DQ
1262737800.125 11.039270401000977 13.664380073547363 H1:ASC-SRC2_Y_OUT_DQ
1262737825.9375 31.966890335083008 7.996389865875244 H1:ASC-SRC2_Y_OUT_DQ
1262737826.03125 33.16065979003906 8.338109970092773 H1:ASC-SRC2_Y_OUT_DQ
1262737880.8125 11.191410064697266 19.69577980041504 H1:ASC-SRC2_Y_OUT_DQ
1262737955.875 11.039270401000977 9.713769912719727 H1:ASC-SRC2_Y_OUT_DQ
1262738052.59375 12.303179740905762 8.03555965423584 H1:ASC-SRC2_Y_OUT_DQ
1262738083.09375 13.525400161743164 9.83003044128418 H1:ASC-SRC2_Y_OUT_DQ
1262738160.6875 11.191410064697266 13.355799674987793 H1:ASC-SRC2_Y_OUT_DQ
1262738174.3125 11.191410064697266 18.54081916809082 H1:ASC-SRC2_Y_OUT_DQ
1262738177.625 11.879170417785645 7.9274001121521 H1:ASC-SRC2_Y_OUT_DQ
1262738267.9375 19.132949829101562 10.370789527893066 H1:ASC-SRC2_Y_OUT_DQ
1262738276.625 11.879170417785645 17.774639129638672 H1:ASC-SRC2_Y_OUT_DQ
1262738280.9375 18.444169998168945 18.069290161132812 H1:ASC-SRC2_Y_OUT_DQ
1262738293.6875 21.35749053955078 21.70800018310547 H1:ASC-SRC2_Y_OUT_DQ
1262746416.125 11.879170417785645 17.19194984436035 H1:ASC-SRC2_Y_OUT_DQ
1262748019.0625 31.966890335083008 8.338520050048828 H1:ASC-SRC2_Y_OUT_DQ
1262749458.9375 31.966890335083008 7.804999828338623 H1:ASC-SRC2_Y_OUT_DQ
1262750178.9375 31.966890335083008 10.993499755859375 H1:ASC-SRC2_Y_OUT_DQ
1262750179.0625 31.966890335083008 12.350159645080566 H1:ASC-SRC2_Y_OUT_DQ
1262751378.9375 31.966890335083008 7.852819919586182 H1:ASC-SRC2_Y_OUT_DQ
1262752223.5625 11.191410064697266 8.195940017700195 H1:ASC-SRC2_Y_OUT_DQ
1262752487.625 12.322779655456543 14.79928970336914 H1:ASC-SRC2_Y_OUT_DQ
1262753058.9375 31.966890335083008 15.423800468444824 H1:ASC-SRC2_Y_OUT_DQ
1262753059.0625 31.966890335083008 16.580429077148438 H1:ASC-SRC2_Y_OUT_DQ
1262753229.9375 10.180100440979004 7.771780014038086 H1:ASC-SRC2_Y_OUT_DQ
1262753375.6875 10.180100440979004 10.98486042022705 H1:ASC-SRC2_Y_OUT_DQ
1262754140.125 11.039270401000977 14.008569717407227 H1:ASC-SRC2_Y_OUT_DQ
1262754410.3125 10.180100440979004 9.658940315246582 H1:ASC-SRC2_Y_OUT_DQ
1262755133.125 11.039270401000977 16.264509201049805 H1:ASC-SRC2_Y_OUT_DQ
1262755309.125 10.258760452270508 21.590930938720703 H1:ASC-SRC2_Y_OUT_DQ
1262755323.375 10.64186954498291 20.1093807220459 H1:ASC-SRC2_Y_OUT_DQ
1262756376.8125 10.180100440979004 8.708049774169922 H1:ASC-SRC2_Y_OUT_DQ
1262757325.3125 10.180100440979004 10.181380271911621 H1:ASC-SRC2_Y_OUT_DQ
1262757378.9375 31.966890335083008 11.769969940185547 H1:ASC-SRC2_Y_OUT_DQ
1262757379.0625 31.966890335083008 11.823309898376465 H1:ASC-SRC2_Y_OUT_DQ
1262757445.625 10.64186954498291 8.112560272216797 H1:ASC-SRC2_Y_OUT_DQ
1262757477.4375 10.180100440979004 12.525810241699219 H1:ASC-SRC2_Y_OUT_DQ
1262757490.125 13.75551986694336 11.425259590148926 H1:ASC-SRC2_Y_OUT_DQ
1262757495.28125 13.525400161743164 10.890600204467773 H1:ASC-SRC2_Y_OUT_DQ
1262757910.875 12.782959938049316 9.48384952545166 H1:ASC-SRC2_Y_OUT_DQ
1262757943.125 11.039270401000977 7.813039779663086 H1:ASC-SRC2_Y_OUT_DQ
1262757954.375 10.258760452270508 18.16684913635254 H1:ASC-SRC2_Y_OUT_DQ
1262758125.3125 10.180100440979004 14.105569839477539 H1:ASC-SRC2_Y_OUT_DQ
1262758127.6875 10.180100440979004 8.359749794006348 H1:ASC-SRC2_Y_OUT_DQ
1262758228.875 10.258760452270508 10.09768009185791 H1:ASC-SRC2_Y_OUT_DQ
1262758232.1875 11.191410064697266 8.145879745483398 H1:ASC-SRC2_Y_OUT_DQ
1262758308.6875 10.180100440979004 11.668499946594238 H1:ASC-SRC2_Y_OUT_DQ
1262758376.3125 11.191410064697266 8.80795955657959 H1:ASC-SRC2_Y_OUT_DQ
1262759279.71875 14.869039535522461 19.400829315185547 H1:ASC-SRC2_Y_OUT_DQ
1262759323.6875 10.180100440979004 8.867850303649902 H1:ASC-SRC2_Y_OUT_DQ
1262759381.375 10.64186954498291 9.975040435791016 H1:ASC-SRC2_Y_OUT_DQ
1262759394.375 12.322779655456543 11.950220108032227 H1:ASC-SRC2_Y_OUT_DQ
1262759396.6875 10.180100440979004 8.843649864196777 H1:ASC-SRC2_Y_OUT_DQ
1262759518.1875 10.180100440979004 10.641349792480469 H1:ASC-SRC2_Y_OUT_DQ
1262759621.125 13.260330200195312 9.637579917907715 H1:ASC-SRC2_Y_OUT_DQ
1262759723.375 11.039270401000977 8.785690307617188 H1:ASC-SRC2_Y_OUT_DQ
1262759802.0625 10.180100440979004 8.316450119018555 H1:ASC-SRC2_Y_OUT_DQ
1262759971.875 10.258760452270508 16.90414047241211 H1:ASC-SRC2_Y_OUT_DQ
1262760136.09375 12.303179740905762 8.378470420837402 H1:ASC-SRC2_Y_OUT_DQ
1262760411.625 11.451519966125488 11.137089729309082 H1:ASC-SRC2_Y_OUT_DQ
1262760522.6875 11.191410064697266 8.548500061035156 H1:ASC-SRC2_Y_OUT_DQ
1262760807.875 10.64186954498291 11.878990173339844 H1:ASC-SRC2_Y_OUT_DQ
1262760850.96875 13.525400161743164 11.777589797973633 H1:ASC-SRC2_Y_OUT_DQ
1262760892.90625 13.525400161743164 14.217869758605957 H1:ASC-SRC2_Y_OUT_DQ
1262761036.875 12.322779655456543 11.97739028930664 H1:ASC-SRC2_Y_OUT_DQ
1262761047.65625 14.869039535522461 9.270489692687988 H1:ASC-SRC2_Y_OUT_DQ
1262761073.125 12.782959938049316 11.938619613647461 H1:ASC-SRC2_Y_OUT_DQ
1262761201.9375 10.180100440979004 8.070380210876465 H1:ASC-SRC2_Y_OUT_DQ
1262761311.125 12.322779655456543 17.651430130004883 H1:ASC-SRC2_Y_OUT_DQ
1262761376.34375 13.525400161743164 11.313240051269531 H1:ASC-SRC2_Y_OUT_DQ
1262761416.390625 12.80640983581543 10.798230171203613 H1:ASC-SRC2_Y_OUT_DQ
1262761418.9375 11.191410064697266 7.811540126800537 H1:ASC-SRC2_Y_OUT_DQ
1262761422.09375 14.869039535522461 14.563249588012695 H1:ASC-SRC2_Y_OUT_DQ
1262761463.625 10.64186954498291 8.803979873657227 H1:ASC-SRC2_Y_OUT_DQ
1262761484.875 12.782959938049316 12.767239570617676 H1:ASC-SRC2_Y_OUT_DQ
1262761641.125 10.64186954498291 13.52987003326416 H1:ASC-SRC2_Y_OUT_DQ
1262761787.375 12.322779655456543 11.179070472717285 H1:ASC-SRC2_Y_OUT_DQ
1262761789.875 14.269209861755371 11.929590225219727 H1:ASC-SRC2_Y_OUT_DQ
1262761944.453125 12.80640983581543 7.831480026245117 H1:ASC-SRC2_Y_OUT_DQ
1262761947.625 12.782959938049316 14.048859596252441 H1:ASC-SRC2_Y_OUT_DQ
1262761974.15625 13.525400161743164 9.46757984161377 H1:ASC-SRC2_Y_OUT_DQ
1262761994.625 12.322779655456543 10.502349853515625 H1:ASC-SRC2_Y_OUT_DQ
1262762128.6875 10.180100440979004 8.533760070800781 H1:ASC-SRC2_Y_OUT_DQ
1262762254.9375 10.180100440979004 9.610170364379883 H1:ASC-SRC2_Y_OUT_DQ
1262791071.125 11.451519966125488 10.15291976928711 H1:ASC-SRC2_Y_OUT_DQ
1262791206.9375 31.966890335083008 8.806429862976074 H1:ASC-SRC2_Y_OUT_DQ
1262791207.0625 31.966890335083008 9.13224983215332 H1:ASC-SRC2_Y_OUT_DQ
1262791244.375 13.260330200195312 9.354949951171875 H1:ASC-SRC2_Y_OUT_DQ
1262791262.625 10.64186954498291 9.698659896850586 H1:ASC-SRC2_Y_OUT_DQ
1262791425.375 12.322779655456543 9.337320327758789 H1:ASC-SRC2_Y_OUT_DQ
1262791443.375 12.782959938049316 8.474370002746582 H1:ASC-SRC2_Y_OUT_DQ
1262791451.375 13.260330200195312 7.792970180511475 H1:ASC-SRC2_Y_OUT_DQ
1262791511.875 11.451519966125488 7.964990139007568 H1:ASC-SRC2_Y_OUT_DQ
1262791527.125 11.039270401000977 10.115900039672852 H1:ASC-SRC2_Y_OUT_DQ
1262791594.375 13.260330200195312 7.955989837646484 H1:ASC-SRC2_Y_OUT_DQ
1262791720.625 10.64186954498291 7.849110126495361 H1:ASC-SRC2_Y_OUT_DQ
1262791926.875 12.322779655456543 7.766689777374268 H1:ASC-SRC2_Y_OUT_DQ
1262792164.125 11.879170417785645 8.625069618225098 H1:ASC-SRC2_Y_OUT_DQ
1262792406.9375 31.966890335083008 9.707389831542969 H1:ASC-SRC2_Y_OUT_DQ
1262792407.0625 31.966890335083008 13.784930229187012 H1:ASC-SRC2_Y_OUT_DQ
1262792453.875 12.782959938049316 11.19534969329834 H1:ASC-SRC2_Y_OUT_DQ
1262792552.875 14.269209861755371 9.222209930419922 H1:ASC-SRC2_Y_OUT_DQ
1262792817.625 14.269209861755371 10.226759910583496 H1:ASC-SRC2_Y_OUT_DQ
1262792887.0625 31.966890335083008 7.801809787750244 H1:ASC-SRC2_Y_OUT_DQ
1262792993.125 14.802069664001465 10.219929695129395 H1:ASC-SRC2_Y_OUT_DQ
1262793023.875 11.879170417785645 16.04840087890625 H1:ASC-SRC2_Y_OUT_DQ
1262793176.375 12.782959938049316 9.218770027160645 H1:ASC-SRC2_Y_OUT_DQ
1262793247.625 11.451519966125488 10.698780059814453 H1:ASC-SRC2_Y_OUT_DQ
1262793848.375 10.64186954498291 7.998929977416992 H1:ASC-SRC2_Y_OUT_DQ
1262793902.375 12.782959938049316 9.077019691467285 H1:ASC-SRC2_Y_OUT_DQ
1262793906.625 13.260330200195312 8.9268798828125 H1:ASC-SRC2_Y_OUT_DQ
1262794069.625 12.322779655456543 8.114500045776367 H1:ASC-SRC2_Y_OUT_DQ
1262794088.625 13.75551986694336 8.775679588317871 H1:ASC-SRC2_Y_OUT_DQ
1262794304.5625 18.444169998168945 8.736069679260254 H1:ASC-SRC2_Y_OUT_DQ
1262794333.875 11.451519966125488 13.367270469665527 H1:ASC-SRC2_Y_OUT_DQ
1262794458.5625 17.14011001586914 9.786290168762207 H1:ASC-SRC2_Y_OUT_DQ
1262794465.1875 10.180100440979004 9.887120246887207 H1:ASC-SRC2_Y_OUT_DQ
1262794628.90625 14.869039535522461 9.173480033874512 H1:ASC-SRC2_Y_OUT_DQ
1262794908.125 12.782959938049316 9.166319847106934 H1:ASC-SRC2_Y_OUT_DQ
1262795317.375 10.64186954498291 12.914469718933105 H1:ASC-SRC2_Y_OUT_DQ
1262796006.9375 31.966890335083008 8.60200023651123 H1:ASC-SRC2_Y_OUT_DQ
1262796007.0625 31.966890335083008 8.46345043182373 H1:ASC-SRC2_Y_OUT_DQ
1262796151.375 10.258760452270508 20.753870010375977 H1:ASC-SRC2_Y_OUT_DQ
1262796406.875 11.039270401000977 8.481280326843262 H1:ASC-SRC2_Y_OUT_DQ
1262796409.625 13.75551986694336 11.484219551086426 H1:ASC-SRC2_Y_OUT_DQ
1262796609.1875 10.180100440979004 8.457449913024902 H1:ASC-SRC2_Y_OUT_DQ
1262796675.6875 11.191410064697266 8.283080101013184 H1:ASC-SRC2_Y_OUT_DQ
1262796748.4375 10.180100440979004 8.748900413513184 H1:ASC-SRC2_Y_OUT_DQ
1262796816.625 14.269209861755371 8.285280227661133 H1:ASC-SRC2_Y_OUT_DQ
1262797413.375 10.64186954498291 14.511710166931152 H1:ASC-SRC2_Y_OUT_DQ
1262797706.5625 11.191410064697266 11.095120429992676 H1:ASC-SRC2_Y_OUT_DQ
1262797815.46875 13.525400161743164 9.642939567565918 H1:ASC-SRC2_Y_OUT_DQ
1262797857.375 11.039270401000977 17.104150772094727 H1:ASC-SRC2_Y_OUT_DQ
1262797864.875 12.322779655456543 7.954480171203613 H1:ASC-SRC2_Y_OUT_DQ
1262797927.0625 31.966890335083008 9.565979957580566 H1:ASC-SRC2_Y_OUT_DQ
1262797975.375 12.322779655456543 16.75543975830078 H1:ASC-SRC2_Y_OUT_DQ
1262798055.125 10.258760452270508 8.904879570007324 H1:ASC-SRC2_Y_OUT_DQ
1262798149.375 10.64186954498291 7.984499931335449 H1:ASC-SRC2_Y_OUT_DQ
1262798197.34375 13.525400161743164 13.121870040893555 H1:ASC-SRC2_Y_OUT_DQ
1262798204.6875 10.180100440979004 9.616909980773926 H1:ASC-SRC2_Y_OUT_DQ
1262798228.625 11.039270401000977 12.489029884338379 H1:ASC-SRC2_Y_OUT_DQ
1262798369.6875 10.180100440979004 22.229650497436523 H1:ASC-SRC2_Y_OUT_DQ
1262798379.09375 14.869039535522461 10.8131103515625 H1:ASC-SRC2_Y_OUT_DQ
1262798393.375 13.75551986694336 9.799469947814941 H1:ASC-SRC2_Y_OUT_DQ
1262798480.6875 10.180100440979004 8.210479736328125 H1:ASC-SRC2_Y_OUT_DQ
1262798509.875 12.322779655456543 11.207019805908203 H1:ASC-SRC2_Y_OUT_DQ
1262798689.625 14.269209861755371 11.429630279541016 H1:ASC-SRC2_Y_OUT_DQ
1262798704.4375 11.191410064697266 13.750980377197266 H1:ASC-SRC2_Y_OUT_DQ
1262798711.4375 11.191410064697266 7.911069869995117 H1:ASC-SRC2_Y_OUT_DQ
1262798856.6875 10.180100440979004 8.371430397033691 H1:ASC-SRC2_Y_OUT_DQ
1262798908.09375 13.525400161743164 8.049739837646484 H1:ASC-SRC2_Y_OUT_DQ
1262798937.34375 12.303179740905762 14.85908031463623 H1:ASC-SRC2_Y_OUT_DQ
1262799015.5625 10.180100440979004 10.184220314025879 H1:ASC-SRC2_Y_OUT_DQ
1262799026.84375 12.303179740905762 8.278989791870117 H1:ASC-SRC2_Y_OUT_DQ
1262799044.1875 10.180100440979004 9.447050094604492 H1:ASC-SRC2_Y_OUT_DQ
1262799056.375 14.802069664001465 9.28551959991455 H1:ASC-SRC2_Y_OUT_DQ
1262799130.4375 11.191410064697266 11.151670455932617 H1:ASC-SRC2_Y_OUT_DQ
1262799273.53125 14.869039535522461 9.421649932861328 H1:ASC-SRC2_Y_OUT_DQ
1262799332.8125 10.180100440979004 10.978500366210938 H1:ASC-SRC2_Y_OUT_DQ
1262799370.59375 13.525400161743164 8.687800407409668 H1:ASC-SRC2_Y_OUT_DQ
1262799374.375 13.260330200195312 11.514989852905273 H1:ASC-SRC2_Y_OUT_DQ
1262799378.375 10.64186954498291 29.162750244140625 H1:ASC-SRC2_Y_OUT_DQ
1262799453.375 10.258760452270508 8.196080207824707 H1:ASC-SRC2_Y_OUT_DQ
1262799487.375 12.782959938049316 16.83186912536621 H1:ASC-SRC2_Y_OUT_DQ
1262799494.875 11.451519966125488 13.998600006103516 H1:ASC-SRC2_Y_OUT_DQ
1262799570.3125 10.180100440979004 11.059189796447754 H1:ASC-SRC2_Y_OUT_DQ
1262799577.6875 10.180100440979004 10.718420028686523 H1:ASC-SRC2_Y_OUT_DQ
1262799719.375 10.64186954498291 8.708169937133789 H1:ASC-SRC2_Y_OUT_DQ
1262799788.96875 12.303179740905762 10.56383991241455 H1:ASC-SRC2_Y_OUT_DQ
1262799849.8125 11.191410064697266 13.84924030303955 H1:ASC-SRC2_Y_OUT_DQ
1262799910.625 13.75551986694336 13.7298002243042 H1:ASC-SRC2_Y_OUT_DQ
1262800015.78125 12.303179740905762 9.655240058898926 H1:ASC-SRC2_Y_OUT_DQ
1262800086.9375 31.966890335083008 7.9375 H1:ASC-SRC2_Y_OUT_DQ
1262800087.0625 31.966890335083008 8.376890182495117 H1:ASC-SRC2_Y_OUT_DQ
1262800106.625 11.451519966125488 7.9629998207092285 H1:ASC-SRC2_Y_OUT_DQ
1262800208.875 13.260330200195312 15.732009887695312 H1:ASC-SRC2_Y_OUT_DQ
1262800512.875 10.258760452270508 11.327969551086426 H1:ASC-SRC2_Y_OUT_DQ
1262800532.9375 11.191410064697266 10.150919914245605 H1:ASC-SRC2_Y_OUT_DQ
1262800664.125 13.75551986694336 15.946220397949219 H1:ASC-SRC2_Y_OUT_DQ
1262800678.15625 12.303179740905762 13.144789695739746 H1:ASC-SRC2_Y_OUT_DQ
1262800680.15625 13.525400161743164 19.685199737548828 H1:ASC-SRC2_Y_OUT_DQ
1262800715.953125 10.04518985748291 9.802639961242676 H1:ASC-SRC2_Y_OUT_DQ
1262800846.625 10.258760452270508 12.396490097045898 H1:ASC-SRC2_Y_OUT_DQ
1262800854.375 10.64186954498291 8.41843032836914 H1:ASC-SRC2_Y_OUT_DQ
1262800861.78125 12.303179740905762 8.060489654541016 H1:ASC-SRC2_Y_OUT_DQ
1262800863.875 12.782959938049316 15.175020217895508 H1:ASC-SRC2_Y_OUT_DQ
1262800999.375 14.269209861755371 12.853819847106934 H1:ASC-SRC2_Y_OUT_DQ
1262801007.71875 14.869039535522461 11.627169609069824 H1:ASC-SRC2_Y_OUT_DQ
1262801009.84375 12.303179740905762 9.1502103805542 H1:ASC-SRC2_Y_OUT_DQ
1262801014.3125 11.191410064697266 8.46621036529541 H1:ASC-SRC2_Y_OUT_DQ
1262801034.78125 17.970020294189453 9.12185001373291 H1:ASC-SRC2_Y_OUT_DQ
1262801042.0625 22.155059814453125 9.865150451660156 H1:ASC-SRC2_Y_OUT_DQ
1262801109.875 12.782959938049316 21.929960250854492 H1:ASC-SRC2_Y_OUT_DQ
1262801140.84375 12.303179740905762 8.634169578552246 H1:ASC-SRC2_Y_OUT_DQ
1262801217.375 11.879170417785645 16.662799835205078 H1:ASC-SRC2_Y_OUT_DQ
1262801526.375 12.322779655456543 12.044440269470215 H1:ASC-SRC2_Y_OUT_DQ
1262801555.15625 13.525400161743164 9.03911018371582 H1:ASC-SRC2_Y_OUT_DQ
1262801565.625 14.802069664001465 8.5314302444458 H1:ASC-SRC2_Y_OUT_DQ
1262801576.0625 10.180100440979004 8.558850288391113 H1:ASC-SRC2_Y_OUT_DQ
1262801629.3125 10.180100440979004 10.848540306091309 H1:ASC-SRC2_Y_OUT_DQ
1262801796.375 11.451519966125488 19.71320915222168 H1:ASC-SRC2_Y_OUT_DQ
1262801804.625 12.782959938049316 10.693610191345215 H1:ASC-SRC2_Y_OUT_DQ
1262801812.625 10.64186954498291 11.023500442504883 H1:ASC-SRC2_Y_OUT_DQ
1262801839.375 12.322779655456543 15.109169960021973 H1:ASC-SRC2_Y_OUT_DQ
1262801841.9375 10.180100440979004 8.978289604187012 H1:ASC-SRC2_Y_OUT_DQ
1262801989.84375 14.869039535522461 11.298600196838379 H1:ASC-SRC2_Y_OUT_DQ
1262802106.875 13.75551986694336 23.13987922668457 H1:ASC-SRC2_Y_OUT_DQ
1262802246.9375 31.966890335083008 8.395350456237793 H1:ASC-SRC2_Y_OUT_DQ
1262802254.21875 13.525400161743164 12.838959693908691 H1:ASC-SRC2_Y_OUT_DQ
1262802262.625 13.75551986694336 21.396129608154297 H1:ASC-SRC2_Y_OUT_DQ
1262802345.625 14.269209861755371 9.164600372314453 H1:ASC-SRC2_Y_OUT_DQ
1262802348.1875 10.180100440979004 16.554420471191406 H1:ASC-SRC2_Y_OUT_DQ
1262802435.9375 11.191410064697266 10.901749610900879 H1:ASC-SRC2_Y_OUT_DQ
1262802460.8125 11.191410064697266 14.266900062561035 H1:ASC-SRC2_Y_OUT_DQ
1262802471.15625 13.525400161743164 10.340080261230469 H1:ASC-SRC2_Y_OUT_DQ
1262802476.65625 12.303179740905762 11.348779678344727 H1:ASC-SRC2_Y_OUT_DQ
1262802480.3125 11.191410064697266 12.003399848937988 H1:ASC-SRC2_Y_OUT_DQ
1262802510.375 14.269209861755371 8.255990028381348 H1:ASC-SRC2_Y_OUT_DQ
1262802517.8125 11.191410064697266 11.41821002960205 H1:ASC-SRC2_Y_OUT_DQ
1262802585.0625 11.191410064697266 14.421380043029785 H1:ASC-SRC2_Y_OUT_DQ
1262802596.375 12.322779655456543 8.049249649047852 H1:ASC-SRC2_Y_OUT_DQ
1262802602.8125 11.191410064697266 16.07489013671875 H1:ASC-SRC2_Y_OUT_DQ
1262802700.8125 11.191410064697266 8.878219604492188 H1:ASC-SRC2_Y_OUT_DQ
1262802704.8125 11.191410064697266 11.585559844970703 H1:ASC-SRC2_Y_OUT_DQ
1262802789.1875 11.191410064697266 9.082380294799805 H1:ASC-SRC2_Y_OUT_DQ
1262802807.875 13.75551986694336 20.85580062866211 H1:ASC-SRC2_Y_OUT_DQ
1262802860.5625 11.191410064697266 9.065199851989746 H1:ASC-SRC2_Y_OUT_DQ
1262802916.375 11.451519966125488 12.641860008239746 H1:ASC-SRC2_Y_OUT_DQ
1262802924.4375 11.191410064697266 7.794489860534668 H1:ASC-SRC2_Y_OUT_DQ
1262802960.4375 11.191410064697266 12.692660331726074 H1:ASC-SRC2_Y_OUT_DQ
1262802965.53125 12.303179740905762 16.602970123291016 H1:ASC-SRC2_Y_OUT_DQ
1262802969.375 11.039270401000977 7.937679767608643 H1:ASC-SRC2_Y_OUT_DQ
1262803008.125 11.039270401000977 10.65841007232666 H1:ASC-SRC2_Y_OUT_DQ
1262803134.375 11.451519966125488 8.715479850769043 H1:ASC-SRC2_Y_OUT_DQ
1262803206.9375 31.966890335083008 8.655500411987305 H1:ASC-SRC2_Y_OUT_DQ
1262803207.0625 31.966890335083008 9.241620063781738 H1:ASC-SRC2_Y_OUT_DQ
1262803228.625 13.260330200195312 10.16847038269043 H1:ASC-SRC2_Y_OUT_DQ
1262803269.5625 11.191410064697266 11.980210304260254 H1:ASC-SRC2_Y_OUT_DQ
1262803309.625 11.451519966125488 8.066180229187012 H1:ASC-SRC2_Y_OUT_DQ
1262803340.875 11.451519966125488 13.586009979248047 H1:ASC-SRC2_Y_OUT_DQ
1262803357.625 10.258760452270508 13.985960006713867 H1:ASC-SRC2_Y_OUT_DQ
1262803446.9375 31.966890335083008 13.319879531860352 H1:ASC-SRC2_Y_OUT_DQ
1262803447.0625 31.966890335083008 9.133009910583496 H1:ASC-SRC2_Y_OUT_DQ
1262803452.625 14.269209861755371 8.691900253295898 H1:ASC-SRC2_Y_OUT_DQ
1262803597.8125 11.191410064697266 13.602250099182129 H1:ASC-SRC2_Y_OUT_DQ
1262803659.625 12.322779655456543 18.46879005432129 H1:ASC-SRC2_Y_OUT_DQ
1262803686.125 11.451519966125488 7.979139804840088 H1:ASC-SRC2_Y_OUT_DQ
1262803726.125 14.802069664001465 13.110529899597168 H1:ASC-SRC2_Y_OUT_DQ
1262803783.125 11.879170417785645 8.23661994934082 H1:ASC-SRC2_Y_OUT_DQ
1262803852.53125 13.525400161743164 8.537610054016113 H1:ASC-SRC2_Y_OUT_DQ
1262803869.375 11.879170417785645 22.81245994567871 H1:ASC-SRC2_Y_OUT_DQ
1262803884.34375 14.869039535522461 17.6591796875 H1:ASC-SRC2_Y_OUT_DQ
1262803891.875 11.039270401000977 20.48048973083496 H1:ASC-SRC2_Y_OUT_DQ
1262803956.375 11.879170417785645 8.289569854736328 H1:ASC-SRC2_Y_OUT_DQ
1262804049.375 11.879170417785645 15.015669822692871 H1:ASC-SRC2_Y_OUT_DQ
1262804208.375 12.322779655456543 19.012439727783203 H1:ASC-SRC2_Y_OUT_DQ
1262804210.90625 13.525400161743164 12.894780158996582 H1:ASC-SRC2_Y_OUT_DQ
1262804215.84375 14.869039535522461 11.576689720153809 H1:ASC-SRC2_Y_OUT_DQ
1262804221.71875 13.525400161743164 12.531519889831543 H1:ASC-SRC2_Y_OUT_DQ
1262804274.875 11.451519966125488 11.265020370483398 H1:ASC-SRC2_Y_OUT_DQ
1262804334.625 14.269209861755371 8.14758014678955 H1:ASC-SRC2_Y_OUT_DQ
1262804355.875 10.258760452270508 10.20678997039795 H1:ASC-SRC2_Y_OUT_DQ
1262804432.15625 13.525400161743164 18.597070693969727 H1:ASC-SRC2_Y_OUT_DQ
1262804456.53125 12.303179740905762 18.162330627441406 H1:ASC-SRC2_Y_OUT_DQ
1262804464.375 12.322779655456543 17.598440170288086 H1:ASC-SRC2_Y_OUT_DQ
1262804471.875 13.75551986694336 9.308699607849121 H1:ASC-SRC2_Y_OUT_DQ
1262804510.875 10.258760452270508 9.35200023651123 H1:ASC-SRC2_Y_OUT_DQ
1262804640.28125 13.525400161743164 9.482040405273438 H1:ASC-SRC2_Y_OUT_DQ
1262804751.65625 13.525400161743164 8.306229591369629 H1:ASC-SRC2_Y_OUT_DQ
1262804766.0625 10.180100440979004 12.177080154418945 H1:ASC-SRC2_Y_OUT_DQ
1262804829.125 11.039270401000977 20.57636070251465 H1:ASC-SRC2_Y_OUT_DQ
1262804921.3125 10.180100440979004 9.105500221252441 H1:ASC-SRC2_Y_OUT_DQ
1262804953.0625 10.180100440979004 11.553139686584473 H1:ASC-SRC2_Y_OUT_DQ
1262804988.625 13.260330200195312 19.061439514160156 H1:ASC-SRC2_Y_OUT_DQ
1262805011.78125 13.525400161743164 14.468549728393555 H1:ASC-SRC2_Y_OUT_DQ
1262805019.9375 11.191410064697266 7.921770095825195 H1:ASC-SRC2_Y_OUT_DQ
1262805034.5625 10.180100440979004 9.677160263061523 H1:ASC-SRC2_Y_OUT_DQ
1262805125.46875 13.525400161743164 21.615049362182617 H1:ASC-SRC2_Y_OUT_DQ
1262805139.28125 13.525400161743164 15.814040184020996 H1:ASC-SRC2_Y_OUT_DQ
1262805179.125 11.879170417785645 17.01214027404785 H1:ASC-SRC2_Y_OUT_DQ
1262805198.875 12.782959938049316 9.763500213623047 H1:ASC-SRC2_Y_OUT_DQ
1262805225.9375 10.180100440979004 8.218119621276855 H1:ASC-SRC2_Y_OUT_DQ
1262805230.125 12.322779655456543 8.642219543457031 H1:ASC-SRC2_Y_OUT_DQ
1262805232.875 11.039270401000977 16.502119064331055 H1:ASC-SRC2_Y_OUT_DQ
1262805382.875 13.260330200195312 10.038829803466797 H1:ASC-SRC2_Y_OUT_DQ
1262805510.09375 14.869039535522461 14.225600242614746 H1:ASC-SRC2_Y_OUT_DQ
1262805511.96875 13.525400161743164 8.544750213623047 H1:ASC-SRC2_Y_OUT_DQ
1262805603.90625 13.525400161743164 13.196929931640625 H1:ASC-SRC2_Y_OUT_DQ
1262805785.125 10.64186954498291 10.81229019165039 H1:ASC-SRC2_Y_OUT_DQ
1262805847.0625 31.966890335083008 7.986820220947266 H1:ASC-SRC2_Y_OUT_DQ
1262805904.71875 13.525400161743164 14.569700241088867 H1:ASC-SRC2_Y_OUT_DQ
1262805917.5625 19.132949829101562 11.891369819641113 H1:ASC-SRC2_Y_OUT_DQ
1262805921.21875 13.525400161743164 7.776299953460693 H1:ASC-SRC2_Y_OUT_DQ
1262805922.53125 13.525400161743164 10.652090072631836 H1:ASC-SRC2_Y_OUT_DQ
1262805929.15625 12.303179740905762 9.040200233459473 H1:ASC-SRC2_Y_OUT_DQ
1262805993.625 12.782959938049316 13.010140419006348 H1:ASC-SRC2_Y_OUT_DQ
1262806025.125 12.322779655456543 15.091259956359863 H1:ASC-SRC2_Y_OUT_DQ
1262806058.375 12.782959938049316 13.508040428161621 H1:ASC-SRC2_Y_OUT_DQ
1262806110.46875 14.869039535522461 12.978830337524414 H1:ASC-SRC2_Y_OUT_DQ
1262806112.6875 20.58863067626953 16.61359977722168 H1:ASC-SRC2_Y_OUT_DQ
1262806126.375 11.039270401000977 19.175790786743164 H1:ASC-SRC2_Y_OUT_DQ
1262806172.375 12.322779655456543 16.81266975402832 H1:ASC-SRC2_Y_OUT_DQ
1262806197.78125 12.303179740905762 9.896100044250488 H1:ASC-SRC2_Y_OUT_DQ
1262806223.96875 13.525400161743164 27.361970901489258 H1:ASC-SRC2_Y_OUT_DQ
1262806270.5625 10.180100440979004 10.001290321350098 H1:ASC-SRC2_Y_OUT_DQ
1262806322.1875 11.191410064697266 9.030460357666016 H1:ASC-SRC2_Y_OUT_DQ
1262806371.28125 12.303179740905762 9.680500030517578 H1:ASC-SRC2_Y_OUT_DQ
1262806385.0625 10.180100440979004 8.717220306396484 H1:ASC-SRC2_Y_OUT_DQ
1262806417.34375 12.303179740905762 12.699910163879395 H1:ASC-SRC2_Y_OUT_DQ
1262806421.125 10.64186954498291 9.11670970916748 H1:ASC-SRC2_Y_OUT_DQ
1262806516.125 10.64186954498291 34.385799407958984 H1:ASC-SRC2_Y_OUT_DQ
1262806536.84375 13.525400161743164 9.487099647521973 H1:ASC-SRC2_Y_OUT_DQ
1262806550.625 12.322779655456543 10.719380378723145 H1:ASC-SRC2_Y_OUT_DQ
1262806631.78125 14.869039535522461 18.114280700683594 H1:ASC-SRC2_Y_OUT_DQ
1262806646.625 12.322779655456543 14.291899681091309 H1:ASC-SRC2_Y_OUT_DQ
1262806650.625 10.258760452270508 15.965109825134277 H1:ASC-SRC2_Y_OUT_DQ
1262806817.4375 10.180100440979004 9.208430290222168 H1:ASC-SRC2_Y_OUT_DQ
1262806887.375 13.75551986694336 18.211210250854492 H1:ASC-SRC2_Y_OUT_DQ
1262806934.8125 11.191410064697266 8.588950157165527 H1:ASC-SRC2_Y_OUT_DQ
1262806964.9375 10.180100440979004 11.015640258789062 H1:ASC-SRC2_Y_OUT_DQ
1262807034.53125 14.869039535522461 8.492110252380371 H1:ASC-SRC2_Y_OUT_DQ
1262807083.4375 10.180100440979004 7.767099857330322 H1:ASC-SRC2_Y_OUT_DQ
1262807134.875 14.269209861755371 11.614480018615723 H1:ASC-SRC2_Y_OUT_DQ
1262807139.5625 10.180100440979004 10.849699974060059 H1:ASC-SRC2_Y_OUT_DQ
1262807206.625 11.039270401000977 7.7861199378967285 H1:ASC-SRC2_Y_OUT_DQ
1262807286.9375 31.966890335083008 9.942609786987305 H1:ASC-SRC2_Y_OUT_DQ
1262807287.0625 31.966890335083008 11.796660423278809 H1:ASC-SRC2_Y_OUT_DQ
1262807291.9375 11.191410064697266 12.784199714660645 H1:ASC-SRC2_Y_OUT_DQ
1262807351.8125 10.180100440979004 8.345849990844727 H1:ASC-SRC2_Y_OUT_DQ
1262807368.125 11.039270401000977 20.0998592376709 H1:ASC-SRC2_Y_OUT_DQ
1262807400.375 10.64186954498291 10.761580467224121 H1:ASC-SRC2_Y_OUT_DQ
1262807438.125 13.260330200195312 26.110139846801758 H1:ASC-SRC2_Y_OUT_DQ
1262807522.625 11.879170417785645 8.43120002746582 H1:ASC-SRC2_Y_OUT_DQ
1262807526.9375 31.966890335083008 8.158909797668457 H1:ASC-SRC2_Y_OUT_DQ
1262807527.0625 31.966890335083008 8.108619689941406 H1:ASC-SRC2_Y_OUT_DQ
1262807590.375 11.039270401000977 10.227319717407227 H1:ASC-SRC2_Y_OUT_DQ
1262807593.4375 10.180100440979004 10.806349754333496 H1:ASC-SRC2_Y_OUT_DQ
1262807609.125 12.782959938049316 11.894149780273438 H1:ASC-SRC2_Y_OUT_DQ
1262807645.875 11.451519966125488 10.530540466308594 H1:ASC-SRC2_Y_OUT_DQ
1262807711.125 14.802069664001465 18.32533073425293 H1:ASC-SRC2_Y_OUT_DQ
1262807826.4375 10.180100440979004 8.192529678344727 H1:ASC-SRC2_Y_OUT_DQ
1262807854.21875 14.869039535522461 19.261829376220703 H1:ASC-SRC2_Y_OUT_DQ
1262807895.125 11.879170417785645 14.313090324401855 H1:ASC-SRC2_Y_OUT_DQ
1262807921.125 11.039270401000977 17.259410858154297 H1:ASC-SRC2_Y_OUT_DQ
1262807934.84375 13.525400161743164 14.872960090637207 H1:ASC-SRC2_Y_OUT_DQ
1262807953.8125 10.180100440979004 9.967029571533203 H1:ASC-SRC2_Y_OUT_DQ
1262807957.4375 11.191410064697266 9.892069816589355 H1:ASC-SRC2_Y_OUT_DQ
1262807971.875 10.258760452270508 19.825910568237305 H1:ASC-SRC2_Y_OUT_DQ
1262807995.375 14.269209861755371 8.868189811706543 H1:ASC-SRC2_Y_OUT_DQ
1262808021.125 10.64186954498291 9.08102035522461 H1:ASC-SRC2_Y_OUT_DQ
1262808064.875 12.782959938049316 9.610739707946777 H1:ASC-SRC2_Y_OUT_DQ
1262808066.1875 10.180100440979004 10.317790031433105 H1:ASC-SRC2_Y_OUT_DQ
1262808069.40625 14.869039535522461 12.769430160522461 H1:ASC-SRC2_Y_OUT_DQ
1262808079.9375 11.191410064697266 7.814479827880859 H1:ASC-SRC2_Y_OUT_DQ
1262808108.28125 14.869039535522461 10.084030151367188 H1:ASC-SRC2_Y_OUT_DQ
1262808134.1875 10.180100440979004 11.731019973754883 H1:ASC-SRC2_Y_OUT_DQ
1262808155.15625 14.869039535522461 8.097559928894043 H1:ASC-SRC2_Y_OUT_DQ
1262808170.59375 13.525400161743164 9.692930221557617 H1:ASC-SRC2_Y_OUT_DQ
1262808205.6875 10.180100440979004 7.817920207977295 H1:ASC-SRC2_Y_OUT_DQ
1262808213.125 12.782959938049316 12.232680320739746 H1:ASC-SRC2_Y_OUT_DQ
1262808229.90625 12.303179740905762 13.27711009979248 H1:ASC-SRC2_Y_OUT_DQ
1262808250.125 13.75551986694336 18.28226089477539 H1:ASC-SRC2_Y_OUT_DQ
1262808276.9375 11.191410064697266 7.941830158233643 H1:ASC-SRC2_Y_OUT_DQ
1262808324.1875 11.191410064697266 8.088809967041016 H1:ASC-SRC2_Y_OUT_DQ
1262808361.78125 12.303179740905762 8.127860069274902 H1:ASC-SRC2_Y_OUT_DQ
1262808412.375 14.802069664001465 9.610170364379883 H1:ASC-SRC2_Y_OUT_DQ
1262808423.625 12.782959938049316 20.349899291992188 H1:ASC-SRC2_Y_OUT_DQ
1262808461.6875 11.191410064697266 9.7846097946167 H1:ASC-SRC2_Y_OUT_DQ
1262808486.9375 31.966890335083008 8.685999870300293 H1:ASC-SRC2_Y_OUT_DQ
1262808487.015625 31.720849990844727 8.875670433044434 H1:ASC-SRC2_Y_OUT_DQ
1262808504.3125 10.180100440979004 11.825209617614746 H1:ASC-SRC2_Y_OUT_DQ
1262808580.125 14.269209861755371 9.68960952758789 H1:ASC-SRC2_Y_OUT_DQ
1262808582.84375 13.525400161743164 10.627440452575684 H1:ASC-SRC2_Y_OUT_DQ
1262808612.59375 13.525400161743164 8.60293960571289 H1:ASC-SRC2_Y_OUT_DQ
1262808656.375 14.269209861755371 21.11618995666504 H1:ASC-SRC2_Y_OUT_DQ
1262808726.9375 31.966890335083008 9.821040153503418 H1:ASC-SRC2_Y_OUT_DQ
1262808727.0625 31.966890335083008 12.564970016479492 H1:ASC-SRC2_Y_OUT_DQ
1262808738.125 11.451519966125488 9.647359848022461 H1:ASC-SRC2_Y_OUT_DQ
1262808745.46875 13.525400161743164 15.406660079956055 H1:ASC-SRC2_Y_OUT_DQ
1262808761.375 11.039270401000977 12.942609786987305 H1:ASC-SRC2_Y_OUT_DQ
1262808785.34375 14.869039535522461 9.51438045501709 H1:ASC-SRC2_Y_OUT_DQ
1262808811.625 11.879170417785645 8.520609855651855 H1:ASC-SRC2_Y_OUT_DQ
1262808841.625 13.260330200195312 26.31509017944336 H1:ASC-SRC2_Y_OUT_DQ
1262808844.6875 18.444169998168945 7.985939979553223 H1:ASC-SRC2_Y_OUT_DQ
1262808858.5625 19.847440719604492 16.69300079345703 H1:ASC-SRC2_Y_OUT_DQ
1262808877.40625 13.525400161743164 13.307589530944824 H1:ASC-SRC2_Y_OUT_DQ
1262808911.875 13.75551986694336 17.96122932434082 H1:ASC-SRC2_Y_OUT_DQ
1262808963.0625 10.180100440979004 9.361209869384766 H1:ASC-SRC2_Y_OUT_DQ
1262808966.84375 12.303179740905762 8.125699996948242 H1:ASC-SRC2_Y_OUT_DQ
1262809002.875 11.879170417785645 9.992380142211914 H1:ASC-SRC2_Y_OUT_DQ
1262809019.6875 10.180100440979004 13.111260414123535 H1:ASC-SRC2_Y_OUT_DQ
1262809169.875 10.258760452270508 7.758910179138184 H1:ASC-SRC2_Y_OUT_DQ
1262809193.28125 12.303179740905762 8.665740013122559 H1:ASC-SRC2_Y_OUT_DQ
1262809212.125 10.258760452270508 16.398019790649414 H1:ASC-SRC2_Y_OUT_DQ
1262809225.375 14.269209861755371 10.178890228271484 H1:ASC-SRC2_Y_OUT_DQ
1262809307.375 11.879170417785645 10.560429573059082 H1:ASC-SRC2_Y_OUT_DQ
1262809311.5625 11.191410064697266 7.9547200202941895 H1:ASC-SRC2_Y_OUT_DQ
1262809326.4375 10.180100440979004 8.173439979553223 H1:ASC-SRC2_Y_OUT_DQ
1262809349.625 11.879170417785645 8.360939979553223 H1:ASC-SRC2_Y_OUT_DQ
1262809430.65625 13.525400161743164 14.737520217895508 H1:ASC-SRC2_Y_OUT_DQ
1262809439.625 13.260330200195312 22.633499145507812 H1:ASC-SRC2_Y_OUT_DQ
1262809537.34375 13.525400161743164 10.673620223999023 H1:ASC-SRC2_Y_OUT_DQ
1262809554.34375 13.525400161743164 10.169130325317383 H1:ASC-SRC2_Y_OUT_DQ
1262809602.375 11.451519966125488 15.628490447998047 H1:ASC-SRC2_Y_OUT_DQ
1262809604.734375 12.80640983581543 8.308070182800293 H1:ASC-SRC2_Y_OUT_DQ
1262809631.625 11.039270401000977 10.383150100708008 H1:ASC-SRC2_Y_OUT_DQ
1262809659.65625 13.525400161743164 13.177129745483398 H1:ASC-SRC2_Y_OUT_DQ
1262809745.53125 14.869039535522461 17.905399322509766 H1:ASC-SRC2_Y_OUT_DQ
1262809753.65625 14.869039535522461 9.305049896240234 H1:ASC-SRC2_Y_OUT_DQ
1262809778.09375 12.303179740905762 10.001830101013184 H1:ASC-SRC2_Y_OUT_DQ
1262809784.125 12.322779655456543 8.102950096130371 H1:ASC-SRC2_Y_OUT_DQ
1262809836.375 12.322779655456543 11.728850364685059 H1:ASC-SRC2_Y_OUT_DQ
1262809854.875 12.782959938049316 12.793160438537598 H1:ASC-SRC2_Y_OUT_DQ
1262809870.5625 10.180100440979004 9.960359573364258 H1:ASC-SRC2_Y_OUT_DQ
1262809887.40625 12.303179740905762 11.058919906616211 H1:ASC-SRC2_Y_OUT_DQ
1262809926.9375 31.966890335083008 9.634480476379395 H1:ASC-SRC2_Y_OUT_DQ
1262809927.0625 31.966890335083008 9.154769897460938 H1:ASC-SRC2_Y_OUT_DQ
1262809976.375 14.269209861755371 13.514450073242188 H1:ASC-SRC2_Y_OUT_DQ
1262809979.5625 19.132949829101562 12.419830322265625 H1:ASC-SRC2_Y_OUT_DQ
1262809982.53125 13.525400161743164 20.600919723510742 H1:ASC-SRC2_Y_OUT_DQ
1262810025.625 10.258760452270508 9.251729965209961 H1:ASC-SRC2_Y_OUT_DQ
1262810060.875 11.451519966125488 25.28009033203125 H1:ASC-SRC2_Y_OUT_DQ
1262810120.125 12.782959938049316 10.898550033569336 H1:ASC-SRC2_Y_OUT_DQ
1262810194.3125 11.191410064697266 7.798630237579346 H1:ASC-SRC2_Y_OUT_DQ
1262810278.9375 10.180100440979004 11.675689697265625 H1:ASC-SRC2_Y_OUT_DQ
1262810316.9375 10.180100440979004 8.810469627380371 H1:ASC-SRC2_Y_OUT_DQ
1262810319.40625 13.525400161743164 13.961919784545898 H1:ASC-SRC2_Y_OUT_DQ
1262810460.375 13.260330200195312 21.04248046875 H1:ASC-SRC2_Y_OUT_DQ
1262810464.875 11.879170417785645 8.555359840393066 H1:ASC-SRC2_Y_OUT_DQ
1262810509.875 11.451519966125488 19.12194061279297 H1:ASC-SRC2_Y_OUT_DQ
1262810513.96875 13.525400161743164 10.801170349121094 H1:ASC-SRC2_Y_OUT_DQ
1262810621.375 13.75551986694336 9.280929565429688 H1:ASC-SRC2_Y_OUT_DQ
1262810624.71875 14.869039535522461 7.795350074768066 H1:ASC-SRC2_Y_OUT_DQ
1262810625.96875 12.303179740905762 8.704170227050781 H1:ASC-SRC2_Y_OUT_DQ
1262810636.875 13.260330200195312 19.615449905395508 H1:ASC-SRC2_Y_OUT_DQ
1262810646.9375 31.966890335083008 13.257929801940918 H1:ASC-SRC2_Y_OUT_DQ
1262810647.0625 31.966890335083008 12.688699722290039 H1:ASC-SRC2_Y_OUT_DQ
1262810675.9375 10.180100440979004 8.299630165100098 H1:ASC-SRC2_Y_OUT_DQ
1262810743.09375 14.869039535522461 8.618080139160156 H1:ASC-SRC2_Y_OUT_DQ
1262810750.46875 12.303179740905762 8.928130149841309 H1:ASC-SRC2_Y_OUT_DQ
1262810775.9375 18.444169998168945 9.6525297164917 H1:ASC-SRC2_Y_OUT_DQ
1262810807.3125 10.180100440979004 8.457460403442383 H1:ASC-SRC2_Y_OUT_DQ
1262810815.625 13.75551986694336 11.745340347290039 H1:ASC-SRC2_Y_OUT_DQ
1262810842.125 10.258760452270508 12.082019805908203 H1:ASC-SRC2_Y_OUT_DQ
1262810858.09375 12.303179740905762 10.176899909973145 H1:ASC-SRC2_Y_OUT_DQ
1262810866.84375 14.869039535522461 8.029780387878418 H1:ASC-SRC2_Y_OUT_DQ
1262810876.40625 13.525400161743164 9.995240211486816 H1:ASC-SRC2_Y_OUT_DQ
1262810972.625 11.039270401000977 12.563209533691406 H1:ASC-SRC2_Y_OUT_DQ
1262811027.875 12.782959938049316 11.71798038482666 H1:ASC-SRC2_Y_OUT_DQ
1262811254.375 13.75551986694336 15.800029754638672 H1:ASC-SRC2_Y_OUT_DQ
1262811298.21875 13.525400161743164 25.108850479125977 H1:ASC-SRC2_Y_OUT_DQ
1262811299.8125 11.191410064697266 8.030619621276855 H1:ASC-SRC2_Y_OUT_DQ
1262811303.4375 11.191410064697266 14.297260284423828 H1:ASC-SRC2_Y_OUT_DQ
1262811322.4375 11.191410064697266 8.95973014831543 H1:ASC-SRC2_Y_OUT_DQ
1262811329.6875 11.191410064697266 8.420499801635742 H1:ASC-SRC2_Y_OUT_DQ
1262811396.875 13.75551986694336 18.508190155029297 H1:ASC-SRC2_Y_OUT_DQ
1262811432.125 12.322779655456543 21.37717056274414 H1:ASC-SRC2_Y_OUT_DQ
1262811489.8125 10.180100440979004 8.866800308227539 H1:ASC-SRC2_Y_OUT_DQ
1262811507.5625 10.180100440979004 8.076009750366211 H1:ASC-SRC2_Y_OUT_DQ
1262811516.96875 13.525400161743164 14.424850463867188 H1:ASC-SRC2_Y_OUT_DQ
1262811522.03125 14.869039535522461 10.880180358886719 H1:ASC-SRC2_Y_OUT_DQ
1262811524.625 11.039270401000977 11.892439842224121 H1:ASC-SRC2_Y_OUT_DQ
1262811606.9375 31.966890335083008 10.036219596862793 H1:ASC-SRC2_Y_OUT_DQ
1262811607.0625 31.966890335083008 9.050410270690918 H1:ASC-SRC2_Y_OUT_DQ
1262811734.875 10.258760452270508 8.168149948120117 H1:ASC-SRC2_Y_OUT_DQ
1262811753.625 11.879170417785645 11.514820098876953 H1:ASC-SRC2_Y_OUT_DQ
1262811764.875 11.039270401000977 12.290240287780762 H1:ASC-SRC2_Y_OUT_DQ
1262811792.625 10.258760452270508 13.55978012084961 H1:ASC-SRC2_Y_OUT_DQ
1262811798.125 12.782959938049316 13.806989669799805 H1:ASC-SRC2_Y_OUT_DQ
1262811862.59375 12.303179740905762 15.68550968170166 H1:ASC-SRC2_Y_OUT_DQ
1262811965.71875 12.303179740905762 22.607580184936523 H1:ASC-SRC2_Y_OUT_DQ
1262811987.625 11.879170417785645 18.8275203704834 H1:ASC-SRC2_Y_OUT_DQ
1262811994.9375 17.780189514160156 22.783889770507812 H1:ASC-SRC2_Y_OUT_DQ
1262811998.375 13.260330200195312 16.1860408782959 H1:ASC-SRC2_Y_OUT_DQ
1262812023.40625 13.525400161743164 10.031519889831543 H1:ASC-SRC2_Y_OUT_DQ
1262812025.875 11.451519966125488 22.44384002685547 H1:ASC-SRC2_Y_OUT_DQ
1262812040.9375 11.191410064697266 9.46720027923584 H1:ASC-SRC2_Y_OUT_DQ
1262812085.90625 12.303179740905762 18.622310638427734 H1:ASC-SRC2_Y_OUT_DQ
1262812087.0625 31.966890335083008 10.80620002746582 H1:ASC-SRC2_Y_OUT_DQ
1262812107.375 13.75551986694336 13.22251033782959 H1:ASC-SRC2_Y_OUT_DQ
1262812115.53125 12.303179740905762 10.533109664916992 H1:ASC-SRC2_Y_OUT_DQ
1262812117.84375 14.869039535522461 15.68397045135498 H1:ASC-SRC2_Y_OUT_DQ
1262812122.4375 11.191410064697266 12.609919548034668 H1:ASC-SRC2_Y_OUT_DQ
1262812140.6875 11.191410064697266 15.82075023651123 H1:ASC-SRC2_Y_OUT_DQ
1262812151.0625 11.191410064697266 14.533209800720215 H1:ASC-SRC2_Y_OUT_DQ
1262812176.375 12.322779655456543 8.613929748535156 H1:ASC-SRC2_Y_OUT_DQ
1262812329.53125 12.303179740905762 14.028329849243164 H1:ASC-SRC2_Y_OUT_DQ
1262812497.34375 12.303179740905762 11.331740379333496 H1:ASC-SRC2_Y_OUT_DQ
1262812585.6875 11.191410064697266 16.650100708007812 H1:ASC-SRC2_Y_OUT_DQ
1262812587.96875 12.303179740905762 8.681830406188965 H1:ASC-SRC2_Y_OUT_DQ
1262812589.03125 12.303179740905762 8.965439796447754 H1:ASC-SRC2_Y_OUT_DQ
1262812595.78125 12.303179740905762 16.88966941833496 H1:ASC-SRC2_Y_OUT_DQ
1262812679.90625 12.303179740905762 8.620849609375 H1:ASC-SRC2_Y_OUT_DQ
1262812701.4375 10.180100440979004 13.479350090026855 H1:ASC-SRC2_Y_OUT_DQ
1262812838.625 11.039270401000977 9.618889808654785 H1:ASC-SRC2_Y_OUT_DQ
1262812851.625 10.258760452270508 11.339449882507324 H1:ASC-SRC2_Y_OUT_DQ
1262812919.40625 12.303179740905762 9.305959701538086 H1:ASC-SRC2_Y_OUT_DQ
1262812931.6875 11.191410064697266 7.900750160217285 H1:ASC-SRC2_Y_OUT_DQ
1262812957.34375 13.525400161743164 12.65818977355957 H1:ASC-SRC2_Y_OUT_DQ
1262812962.6875 11.191410064697266 11.709239959716797 H1:ASC-SRC2_Y_OUT_DQ
1262812997.8125 11.191410064697266 8.09568977355957 H1:ASC-SRC2_Y_OUT_DQ
1262813020.3125 10.180100440979004 10.447810173034668 H1:ASC-SRC2_Y_OUT_DQ
1262813046.9375 31.966890335083008 9.599809646606445 H1:ASC-SRC2_Y_OUT_DQ
1262813047.0625 31.966890335083008 10.486849784851074 H1:ASC-SRC2_Y_OUT_DQ
1262813052.125 11.039270401000977 11.113969802856445 H1:ASC-SRC2_Y_OUT_DQ
1262813111.625 13.260330200195312 13.90248966217041 H1:ASC-SRC2_Y_OUT_DQ
1262813114.15625 16.346160888671875 14.019619941711426 H1:ASC-SRC2_Y_OUT_DQ
1262813119.3125 17.14011001586914 24.4139404296875 H1:ASC-SRC2_Y_OUT_DQ
1262813121.71875 14.869039535522461 8.618180274963379 H1:ASC-SRC2_Y_OUT_DQ
1262813127.375 10.258760452270508 8.906559944152832 H1:ASC-SRC2_Y_OUT_DQ
1262813129.71875 13.525400161743164 11.604909896850586 H1:ASC-SRC2_Y_OUT_DQ
1262813160.125 12.782959938049316 21.243799209594727 H1:ASC-SRC2_Y_OUT_DQ
1262813206.625 12.322779655456543 21.264310836791992 H1:ASC-SRC2_Y_OUT_DQ
1262813223.6875 18.444169998168945 10.025919914245605 H1:ASC-SRC2_Y_OUT_DQ
1262813348.34375 13.525400161743164 10.883819580078125 H1:ASC-SRC2_Y_OUT_DQ
1262813357.453125 10.04518985748291 8.896200180053711 H1:ASC-SRC2_Y_OUT_DQ
1262813365.46875 13.525400161743164 11.676460266113281 H1:ASC-SRC2_Y_OUT_DQ
1262813385.984375 12.80640983581543 11.323320388793945 H1:ASC-SRC2_Y_OUT_DQ
1262813425.53125 12.303179740905762 7.807529926300049 H1:ASC-SRC2_Y_OUT_DQ
1262813444.875 11.039270401000977 16.743059158325195 H1:ASC-SRC2_Y_OUT_DQ
1262813476.90625 13.525400161743164 7.7594099044799805 H1:ASC-SRC2_Y_OUT_DQ
1262813522.78125 12.303179740905762 8.384119987487793 H1:ASC-SRC2_Y_OUT_DQ
1262813553.625 14.802069664001465 18.85940933227539 H1:ASC-SRC2_Y_OUT_DQ
1262813569.21875 17.970020294189453 15.480050086975098 H1:ASC-SRC2_Y_OUT_DQ
1262813571.65625 12.303179740905762 12.548830032348633 H1:ASC-SRC2_Y_OUT_DQ
1262813589.875 14.269209861755371 8.520159721374512 H1:ASC-SRC2_Y_OUT_DQ
1262813627.625 11.879170417785645 17.495899200439453 H1:ASC-SRC2_Y_OUT_DQ
1262813637.375 14.269209861755371 11.060290336608887 H1:ASC-SRC2_Y_OUT_DQ
1262813694.09375 13.525400161743164 12.301289558410645 H1:ASC-SRC2_Y_OUT_DQ
1262813727.1875 17.14011001586914 15.310310363769531 H1:ASC-SRC2_Y_OUT_DQ
1262813736.125 13.260330200195312 9.052570343017578 H1:ASC-SRC2_Y_OUT_DQ
1262813752.125 12.322779655456543 12.284199714660645 H1:ASC-SRC2_Y_OUT_DQ
1262813813.28125 12.303179740905762 15.236559867858887 H1:ASC-SRC2_Y_OUT_DQ
1262813816.78125 13.525400161743164 17.75299072265625 H1:ASC-SRC2_Y_OUT_DQ
1262813820.78125 17.970020294189453 10.124420166015625 H1:ASC-SRC2_Y_OUT_DQ
1262813860.875 14.269209861755371 11.579939842224121 H1:ASC-SRC2_Y_OUT_DQ
1262813889.28125 13.525400161743164 8.88247013092041 H1:ASC-SRC2_Y_OUT_DQ
1262813890.4375 11.191410064697266 10.633190155029297 H1:ASC-SRC2_Y_OUT_DQ
1262813920.375 11.879170417785645 11.255330085754395 H1:ASC-SRC2_Y_OUT_DQ
1262814147.53125 14.869039535522461 11.497050285339355 H1:ASC-SRC2_Y_OUT_DQ
1262814149.78125 13.525400161743164 17.96916961669922 H1:ASC-SRC2_Y_OUT_DQ
1262814205.125 14.269209861755371 14.331350326538086 H1:ASC-SRC2_Y_OUT_DQ
1262814241.625 11.451519966125488 16.170330047607422 H1:ASC-SRC2_Y_OUT_DQ
1262814292.1875 11.191410064697266 11.691699981689453 H1:ASC-SRC2_Y_OUT_DQ
1262814357.09375 13.525400161743164 10.326899528503418 H1:ASC-SRC2_Y_OUT_DQ
1262814463.3125 10.180100440979004 11.886969566345215 H1:ASC-SRC2_Y_OUT_DQ
1262814486.984375 31.720849990844727 8.473580360412598 H1:ASC-SRC2_Y_OUT_DQ
1262814487.0625 31.966890335083008 9.458209991455078 H1:ASC-SRC2_Y_OUT_DQ
1262814491.625 10.64186954498291 9.002320289611816 H1:ASC-SRC2_Y_OUT_DQ
1262814495.1875 11.191410064697266 9.121379852294922 H1:ASC-SRC2_Y_OUT_DQ
1262814528.90625 13.525400161743164 14.479089736938477 H1:ASC-SRC2_Y_OUT_DQ
1262814613.125 13.75551986694336 17.88282012939453 H1:ASC-SRC2_Y_OUT_DQ
1262814698.90625 14.869039535522461 14.72996997833252 H1:ASC-SRC2_Y_OUT_DQ
1262814705.28125 13.525400161743164 10.477849960327148 H1:ASC-SRC2_Y_OUT_DQ
1262814726.984375 31.720849990844727 9.986169815063477 H1:ASC-SRC2_Y_OUT_DQ
1262814727.0625 31.966890335083008 12.922120094299316 H1:ASC-SRC2_Y_OUT_DQ
1262814777.625 10.64186954498291 13.87716007232666 H1:ASC-SRC2_Y_OUT_DQ
1262814784.53125 13.525400161743164 9.35951042175293 H1:ASC-SRC2_Y_OUT_DQ
1262814852.3125 11.191410064697266 15.156729698181152 H1:ASC-SRC2_Y_OUT_DQ
1262814934.3125 11.191410064697266 10.294469833374023 H1:ASC-SRC2_Y_OUT_DQ
1262815010.9375 11.191410064697266 11.88461971282959 H1:ASC-SRC2_Y_OUT_DQ
1262815033.375 14.269209861755371 11.433679580688477 H1:ASC-SRC2_Y_OUT_DQ
1262815040.4375 10.180100440979004 12.022049903869629 H1:ASC-SRC2_Y_OUT_DQ
1262815088.375 14.269209861755371 13.848730087280273 H1:ASC-SRC2_Y_OUT_DQ
1262815091.625 11.039270401000977 19.037809371948242 H1:ASC-SRC2_Y_OUT_DQ
1262815139.078125 12.80640983581543 10.491900444030762 H1:ASC-SRC2_Y_OUT_DQ
1262815142.09375 12.303179740905762 10.863380432128906 H1:ASC-SRC2_Y_OUT_DQ
1262815174.6875 10.180100440979004 19.3759708404541 H1:ASC-SRC2_Y_OUT_DQ
1262815181.875 14.269209861755371 10.642849922180176 H1:ASC-SRC2_Y_OUT_DQ
1262815295.625 12.782959938049316 9.725839614868164 H1:ASC-SRC2_Y_OUT_DQ
1262815319.875 13.260330200195312 17.853469848632812 H1:ASC-SRC2_Y_OUT_DQ
1262815358.53125 12.303179740905762 9.25652027130127 H1:ASC-SRC2_Y_OUT_DQ
1262815361.875 11.451519966125488 9.012749671936035 H1:ASC-SRC2_Y_OUT_DQ
1262815396.875 10.258760452270508 13.14680004119873 H1:ASC-SRC2_Y_OUT_DQ
1262815429.21875 14.869039535522461 12.720609664916992 H1:ASC-SRC2_Y_OUT_DQ
1262815436.3125 18.444169998168945 8.0762300491333 H1:ASC-SRC2_Y_OUT_DQ
1262815443.28125 13.525400161743164 20.008089065551758 H1:ASC-SRC2_Y_OUT_DQ
1262815615.6875 11.191410064697266 13.377309799194336 H1:ASC-SRC2_Y_OUT_DQ
1262815774.96875 13.525400161743164 13.420029640197754 H1:ASC-SRC2_Y_OUT_DQ
1262815777.40625 13.525400161743164 9.942959785461426 H1:ASC-SRC2_Y_OUT_DQ
1262815793.875 11.879170417785645 11.648070335388184 H1:ASC-SRC2_Y_OUT_DQ
1262815803.8125 10.180100440979004 7.992549896240234 H1:ASC-SRC2_Y_OUT_DQ
1262815807.71875 13.525400161743164 8.10066032409668 H1:ASC-SRC2_Y_OUT_DQ
1262815809.0625 18.444169998168945 16.450260162353516 H1:ASC-SRC2_Y_OUT_DQ
1262815983.84375 12.303179740905762 8.649430274963379 H1:ASC-SRC2_Y_OUT_DQ
1262815986.78125 13.525400161743164 7.996349811553955 H1:ASC-SRC2_Y_OUT_DQ
1262816013.71875 13.525400161743164 18.637489318847656 H1:ASC-SRC2_Y_OUT_DQ
1262816025.84375 12.303179740905762 8.793060302734375 H1:ASC-SRC2_Y_OUT_DQ
1262816057.625 11.879170417785645 15.294790267944336 H1:ASC-SRC2_Y_OUT_DQ
1262816104.375 14.802069664001465 10.209670066833496 H1:ASC-SRC2_Y_OUT_DQ
1262816105.828125 10.04518985748291 9.916919708251953 H1:ASC-SRC2_Y_OUT_DQ
1262816108.4375 10.180100440979004 11.901630401611328 H1:ASC-SRC2_Y_OUT_DQ
1262816114.375 10.258760452270508 10.760979652404785 H1:ASC-SRC2_Y_OUT_DQ
1262816150.125 11.451519966125488 18.13435935974121 H1:ASC-SRC2_Y_OUT_DQ
1262816170.4375 10.180100440979004 11.68058967590332 H1:ASC-SRC2_Y_OUT_DQ
1262816229.4375 11.191410064697266 14.04854965209961 H1:ASC-SRC2_Y_OUT_DQ
1262816236.8125 20.58863067626953 17.211580276489258 H1:ASC-SRC2_Y_OUT_DQ
1262816239.59375 13.525400161743164 12.355549812316895 H1:ASC-SRC2_Y_OUT_DQ
1262816275.4375 10.180100440979004 10.699350357055664 H1:ASC-SRC2_Y_OUT_DQ
1262816282.5625 11.191410064697266 10.139320373535156 H1:ASC-SRC2_Y_OUT_DQ
1262816418.59375 12.303179740905762 14.062410354614258 H1:ASC-SRC2_Y_OUT_DQ
1262816473.21875 16.346160888671875 13.79613971710205 H1:ASC-SRC2_Y_OUT_DQ
1262816513.09375 12.303179740905762 11.524840354919434 H1:ASC-SRC2_Y_OUT_DQ
1262816517.9375 11.191410064697266 10.846500396728516 H1:ASC-SRC2_Y_OUT_DQ
1262816519.6875 10.180100440979004 10.012109756469727 H1:ASC-SRC2_Y_OUT_DQ
1262816599.625 10.64186954498291 10.074580192565918 H1:ASC-SRC2_Y_OUT_DQ
1262816688.1875 10.180100440979004 9.400529861450195 H1:ASC-SRC2_Y_OUT_DQ
1262816755.875 13.75551986694336 23.118600845336914 H1:ASC-SRC2_Y_OUT_DQ
1262816811.9375 11.191410064697266 10.495739936828613 H1:ASC-SRC2_Y_OUT_DQ
1262816895.4375 10.180100440979004 12.757880210876465 H1:ASC-SRC2_Y_OUT_DQ
1262816945.375 12.782959938049316 10.74153995513916 H1:ASC-SRC2_Y_OUT_DQ
1262816994.3125 10.180100440979004 8.909219741821289 H1:ASC-SRC2_Y_OUT_DQ
1262817039.625 11.879170417785645 27.544599533081055 H1:ASC-SRC2_Y_OUT_DQ
1262817126.9375 31.966890335083008 12.103349685668945 H1:ASC-SRC2_Y_OUT_DQ
1262817141.71875 12.303179740905762 8.1039400100708 H1:ASC-SRC2_Y_OUT_DQ
1262817147.59375 13.525400161743164 19.25514030456543 H1:ASC-SRC2_Y_OUT_DQ
1262817276.125 13.260330200195312 12.141519546508789 H1:ASC-SRC2_Y_OUT_DQ
1262817279.375 13.260330200195312 8.868659973144531 H1:ASC-SRC2_Y_OUT_DQ
1262817282.8125 10.180100440979004 13.095939636230469 H1:ASC-SRC2_Y_OUT_DQ
1262817366.9375 31.966890335083008 9.310569763183594 H1:ASC-SRC2_Y_OUT_DQ
1262817407.15625 13.525400161743164 8.886159896850586 H1:ASC-SRC2_Y_OUT_DQ
1262817419.9375 10.180100440979004 9.140620231628418 H1:ASC-SRC2_Y_OUT_DQ
1262817450.625 10.258760452270508 13.18025016784668 H1:ASC-SRC2_Y_OUT_DQ
1262817461.625 12.782959938049316 14.472149848937988 H1:ASC-SRC2_Y_OUT_DQ
1262817487.8125 10.180100440979004 9.977020263671875 H1:ASC-SRC2_Y_OUT_DQ
