time peak_frequency snr channel
1262737628.8125 31.035369873046875 13.148819923400879 H1:GDS-CALIB_STRAIN
1262738082.0625 38.78767013549805 56.58110046386719 H1:GDS-CALIB_STRAIN
1262738111.46875 42.783958435058594 54.742488861083984 H1:GDS-CALIB_STRAIN
1262738174.65625 50.23345184326172 81.9638900756836 H1:GDS-CALIB_STRAIN
1262738189.8125 27.88574981689453 19.920780181884766 H1:GDS-CALIB_STRAIN
1262738264.9375 27.392799377441406 17.893510818481445 H1:GDS-CALIB_STRAIN
1262738289.8125 40.66358947753906 55.29764175415039 H1:GDS-CALIB_STRAIN
1262738305.9375 27.88574981689453 13.643190383911133 H1:GDS-CALIB_STRAIN
1262753649.6875 30.48674964904785 12.962109565734863 H1:GDS-CALIB_STRAIN
1262755569.4375 26.432910919189453 9.530200004577637 H1:GDS-CALIB_STRAIN
1262756697.1875 30.48674964904785 12.016079902648926 H1:GDS-CALIB_STRAIN
1262758127.4375 30.48674964904785 12.70602035522461 H1:GDS-CALIB_STRAIN
1262759947.6875 29.947830200195312 9.95598030090332 H1:GDS-CALIB_STRAIN
1262760431.1875 31.035369873046875 9.0947904586792 H1:GDS-CALIB_STRAIN
1262761633.8125 31.035369873046875 9.770190238952637 H1:GDS-CALIB_STRAIN
1262762056.96875 25.145559310913086 10.009039878845215 H1:GDS-CALIB_STRAIN
1262762259.867187 30.734230041503906 8.343170166015625 H1:GDS-CALIB_STRAIN
1262791106.375 33.66339111328125 15.626330375671387 H1:GDS-CALIB_STRAIN
1262791158.125 30.919769287109375 30.408130645751953 H1:GDS-CALIB_STRAIN
1262791181.0625 23.7503604888916 18.040210723876953 H1:GDS-CALIB_STRAIN
1262791212.125 26.83492088317871 24.240219116210938 H1:GDS-CALIB_STRAIN
1262791244.1875 26.908580780029297 26.837709426879883 H1:GDS-CALIB_STRAIN
1262791327.875 29.49336051940918 30.019630432128906 H1:GDS-CALIB_STRAIN
1262791335.9375 28.898399353027344 25.749130249023438 H1:GDS-CALIB_STRAIN
1262791425.1875 25.05575942993164 26.437009811401367 H1:GDS-CALIB_STRAIN
1262791428.3125 24.177759170532227 16.2322998046875 H1:GDS-CALIB_STRAIN
1262791439.9375 30.48674964904785 33.31544876098633 H1:GDS-CALIB_STRAIN
1262791543.1875 29.418439865112305 34.42911911010742 H1:GDS-CALIB_STRAIN
1262791585.375 28.9414005279541 46.6344108581543 H1:GDS-CALIB_STRAIN
1262791593.9375 27.392799377441406 28.39703941345215 H1:GDS-CALIB_STRAIN
1262791639.6875 30.48674964904785 49.45697021484375 H1:GDS-CALIB_STRAIN
1262791644.1875 28.898399353027344 33.130859375 H1:GDS-CALIB_STRAIN
1262791713.375 25.117910385131836 33.10002136230469 H1:GDS-CALIB_STRAIN
1262791717.3125 23.330520629882812 13.965970039367676 H1:GDS-CALIB_STRAIN
1262791736.1875 28.38755989074707 31.072580337524414 H1:GDS-CALIB_STRAIN
1262791826.6875 28.898399353027344 35.542659759521484 H1:GDS-CALIB_STRAIN
1262791832.1875 34.540740966796875 13.383549690246582 H1:GDS-CALIB_STRAIN
1262791846.8125 25.05575942993164 28.7178897857666 H1:GDS-CALIB_STRAIN
1262791914.4375 27.88574981689453 20.383230209350586 H1:GDS-CALIB_STRAIN
1262791922.4375 23.7503604888916 24.921560287475586 H1:GDS-CALIB_STRAIN
1262791962.0625 25.05575942993164 20.34585952758789 H1:GDS-CALIB_STRAIN
1262792014.8125 25.96565055847168 38.6710205078125 H1:GDS-CALIB_STRAIN
1262792110.6875 28.898399353027344 34.04291915893555 H1:GDS-CALIB_STRAIN
1262792163.9375 24.612850189208984 26.644350051879883 H1:GDS-CALIB_STRAIN
1262792235.6875 25.05575942993164 25.101139068603516 H1:GDS-CALIB_STRAIN
1262792263.4375 27.88574981689453 28.784889221191406 H1:GDS-CALIB_STRAIN
1262792270.9375 24.177759170532227 22.347679138183594 H1:GDS-CALIB_STRAIN
1262792353.6875 33.93016052246094 12.669360160827637 H1:GDS-CALIB_STRAIN
1262792444.9375 25.96565055847168 19.864459991455078 H1:GDS-CALIB_STRAIN
1262792472.0625 25.96565055847168 26.77069091796875 H1:GDS-CALIB_STRAIN
1262792555.9375 28.898399353027344 27.87656021118164 H1:GDS-CALIB_STRAIN
1262792577.6875 25.05575942993164 32.57817840576172 H1:GDS-CALIB_STRAIN
1262792742.8125 23.330520629882812 26.461170196533203 H1:GDS-CALIB_STRAIN
1262792799.125 25.839889526367188 30.29166030883789 H1:GDS-CALIB_STRAIN
1262792817.4375 28.38755989074707 28.49720001220703 H1:GDS-CALIB_STRAIN
1262793079.1875 24.177759170532227 15.769049644470215 H1:GDS-CALIB_STRAIN
1262793176.0625 25.96565055847168 26.074800491333008 H1:GDS-CALIB_STRAIN
1262793243.6875 30.48674964904785 22.188060760498047 H1:GDS-CALIB_STRAIN
1262793345.9375 26.908580780029297 46.21968078613281 H1:GDS-CALIB_STRAIN
1262793398.3125 27.392799377441406 20.068140029907227 H1:GDS-CALIB_STRAIN
1262793405.9375 30.48674964904785 30.68824005126953 H1:GDS-CALIB_STRAIN
1262793410.1875 24.612850189208984 20.541330337524414 H1:GDS-CALIB_STRAIN
1262793417.8125 25.96565055847168 26.264270782470703 H1:GDS-CALIB_STRAIN
1262793434.625 23.95915985107422 27.876279830932617 H1:GDS-CALIB_STRAIN
1262793463.5625 25.96565055847168 34.21004104614258 H1:GDS-CALIB_STRAIN
1262793535.8125 26.908580780029297 35.33066177368164 H1:GDS-CALIB_STRAIN
1262793614.5625 24.612850189208984 22.621980667114258 H1:GDS-CALIB_STRAIN
1262793711.375 25.117910385131836 27.989870071411133 H1:GDS-CALIB_STRAIN
1262793777.4375 35.79507064819336 13.68280029296875 H1:GDS-CALIB_STRAIN
1262793799.0625 39.90256881713867 12.557600021362305 H1:GDS-CALIB_STRAIN
1262793802.0625 30.48674964904785 29.20418930053711 H1:GDS-CALIB_STRAIN
1262793844.875 31.213220596313477 28.255390167236328 H1:GDS-CALIB_STRAIN
1262793972.3125 24.177759170532227 23.944189071655273 H1:GDS-CALIB_STRAIN
1262793976.125 24.18655014038086 16.118080139160156 H1:GDS-CALIB_STRAIN
1262794082.3125 23.7503604888916 17.965940475463867 H1:GDS-CALIB_STRAIN
1262794122.375 26.085140228271484 23.097900390625 H1:GDS-CALIB_STRAIN
1262794130.125 33.03337860107422 12.159819602966309 H1:GDS-CALIB_STRAIN
1262794206.6875 23.7503604888916 25.162599563598633 H1:GDS-CALIB_STRAIN
1262794250.875 33.346900939941406 14.565990447998047 H1:GDS-CALIB_STRAIN
1262794275.5625 24.177759170532227 16.190160751342773 H1:GDS-CALIB_STRAIN
1262794283.625 34.3054084777832 12.737839698791504 H1:GDS-CALIB_STRAIN
1262794416.3125 31.593860626220703 9.193860054016113 H1:GDS-CALIB_STRAIN
1262794505.6875 30.48674964904785 33.15510940551758 H1:GDS-CALIB_STRAIN
1262794566.9375 23.7503604888916 27.86417007446289 H1:GDS-CALIB_STRAIN
1262794628.4375 31.035369873046875 48.80411911010742 H1:GDS-CALIB_STRAIN
1262794652.4375 23.7503604888916 25.223100662231445 H1:GDS-CALIB_STRAIN
1262794658.1875 23.330520629882812 23.631759643554688 H1:GDS-CALIB_STRAIN
1262794713.0625 33.93016052246094 15.344610214233398 H1:GDS-CALIB_STRAIN
1262794882.8125 23.330520629882812 20.14642906188965 H1:GDS-CALIB_STRAIN
1262795064.625 31.509469985961914 44.03533935546875 H1:GDS-CALIB_STRAIN
1262795123.1875 24.612850189208984 22.461050033569336 H1:GDS-CALIB_STRAIN
1262795302.625 31.509469985961914 13.841839790344238 H1:GDS-CALIB_STRAIN
1262795341.625 33.346900939941406 10.496159553527832 H1:GDS-CALIB_STRAIN
1262795568.1875 33.330360412597656 12.873330116271973 H1:GDS-CALIB_STRAIN
1262795905.875 27.346710205078125 9.238710403442383 H1:GDS-CALIB_STRAIN
1262796096.875 31.213220596313477 10.163700103759766 H1:GDS-CALIB_STRAIN
1262796236.625 31.213220596313477 13.176360130310059 H1:GDS-CALIB_STRAIN
1262796463.375 29.773279190063477 35.08633041381836 H1:GDS-CALIB_STRAIN
1262796822.8125 31.035369873046875 34.68135070800781 H1:GDS-CALIB_STRAIN
1262796883.9375 33.93016052246094 15.768250465393066 H1:GDS-CALIB_STRAIN
1262798890.8125 35.96453857421875 59.61404037475586 H1:GDS-CALIB_STRAIN
1262799915.375 30.341110229492188 53.97898864746094 H1:GDS-CALIB_STRAIN
1262799922.125 31.509469985961914 12.598549842834473 H1:GDS-CALIB_STRAIN
1262799984.84375 31.79779052734375 8.306110382080078 H1:GDS-CALIB_STRAIN
1262800062.8125 23.7503604888916 12.146180152893066 H1:GDS-CALIB_STRAIN
1262800202.0625 31.593860626220703 9.60770034790039 H1:GDS-CALIB_STRAIN
1262801608.625 33.982879638671875 12.869830131530762 H1:GDS-CALIB_STRAIN
1262801796.0625 45.976600646972656 116.5814208984375 H1:GDS-CALIB_STRAIN
1262802350.15625 26.003009796142578 32.81629180908203 H1:GDS-CALIB_STRAIN
1262803273.125 33.346900939941406 11.984020233154297 H1:GDS-CALIB_STRAIN
1262803557.9375 30.48674964904785 13.173469543457031 H1:GDS-CALIB_STRAIN
1262806083.1875 32.16239929199219 9.350879669189453 H1:GDS-CALIB_STRAIN
1262806209.375 33.346900939941406 11.168930053710938 H1:GDS-CALIB_STRAIN
1262806662.625 34.95967102050781 87.93202209472656 H1:GDS-CALIB_STRAIN
1262806821.894531 32.173221588134766 10.581520080566406 H1:GDS-CALIB_STRAIN
1262807304.875 34.3054084777832 23.690200805664062 H1:GDS-CALIB_STRAIN
1262808072.1875 47.29814147949219 135.37391662597656 H1:GDS-CALIB_STRAIN
1262808476.5625 31.035369873046875 8.649490356445312 H1:GDS-CALIB_STRAIN
1262808558.5625 45.11614990234375 149.99639892578125 H1:GDS-CALIB_STRAIN
1262808863.53125 12.481169700622559 17.19162940979004 H1:GDS-CALIB_STRAIN
1262809069.375 32.110408782958984 9.649999618530273 H1:GDS-CALIB_STRAIN
1262810668.125 31.80851936340332 7.815120220184326 H1:GDS-CALIB_STRAIN
1262811514.8125 30.48674964904785 12.50907039642334 H1:GDS-CALIB_STRAIN
1262811688.125 30.055849075317383 15.102270126342773 H1:GDS-CALIB_STRAIN
1262811925.5625 33.93016052246094 13.433019638061523 H1:GDS-CALIB_STRAIN
1262812457.375 23.07076072692871 24.06978988647461 H1:GDS-CALIB_STRAIN
1262812527.875 31.213220596313477 10.703949928283691 H1:GDS-CALIB_STRAIN
1262812796.875 30.629070281982422 17.136930465698242 H1:GDS-CALIB_STRAIN
1262813474.625 30.919769287109375 9.498780250549316 H1:GDS-CALIB_STRAIN
1262813821.40625 45.947731018066406 163.6045684814453 H1:GDS-CALIB_STRAIN
1262813860.096679 115.11315155029297 524.4606323242188 H1:GDS-CALIB_STRAIN
1262814621.53125 11.715310096740723 13.350460052490234 H1:GDS-CALIB_STRAIN
1262814713.375 32.722808837890625 14.853489875793457 H1:GDS-CALIB_STRAIN
1262815538.0625 26.908580780029297 42.61159896850586 H1:GDS-CALIB_STRAIN
1262815770.6875 31.035369873046875 8.922030448913574 H1:GDS-CALIB_STRAIN
1262817142.625 30.341110229492188 74.95805358886719 H1:GDS-CALIB_STRAIN
