time peak_frequency snr channel
1262736554.59375 32.021541595458984 10.876150131225586 H1:ASC-AS_A_RF45_Q_PIT_OUT_DQ
1262736561.6875 31.99081039428711 9.890190124511719 H1:ASC-AS_A_RF45_Q_PIT_OUT_DQ
1262736564.71875 32.021541595458984 10.6118803024292 H1:ASC-AS_A_RF45_Q_PIT_OUT_DQ
1262736570.3125 31.99081039428711 15.103610038757324 H1:ASC-AS_A_RF45_Q_PIT_OUT_DQ
1262736605.1875 32.66632080078125 9.140379905700684 H1:ASC-AS_A_RF45_Q_PIT_OUT_DQ
1262736904.75 14.16117000579834 7.781660079956055 H1:ASC-AS_A_RF45_Q_PIT_OUT_DQ
1262737628.625 10.388500213623047 10.903189659118652 H1:ASC-AS_A_RF45_Q_PIT_OUT_DQ
1262737694.625 10.388500213623047 10.923489570617676 H1:ASC-AS_A_RF45_Q_PIT_OUT_DQ
1262737885.0625 31.99081039428711 8.249130249023438 H1:ASC-AS_A_RF45_Q_PIT_OUT_DQ
1262737886.375 14.76554012298584 7.961309909820557 H1:ASC-AS_A_RF45_Q_PIT_OUT_DQ
1262737899.4375 31.99081039428711 8.841560363769531 H1:ASC-AS_A_RF45_Q_PIT_OUT_DQ
1262737901.0625 31.99081039428711 13.389579772949219 H1:ASC-AS_A_RF45_Q_PIT_OUT_DQ
1262737907.875 10.388500213623047 9.261409759521484 H1:ASC-AS_A_RF45_Q_PIT_OUT_DQ
1262737933.1875 31.99081039428711 14.056619644165039 H1:ASC-AS_A_RF45_Q_PIT_OUT_DQ
1262737946.03125 13.068099975585938 27.790620803833008 H1:ASC-AS_A_RF45_Q_PIT_OUT_DQ
1262737973.125 10.9096097946167 9.01609992980957 H1:ASC-AS_A_RF45_Q_PIT_OUT_DQ
1262738053.625 14.76554012298584 7.753419876098633 H1:ASC-AS_A_RF45_Q_PIT_OUT_DQ
1262738081.875 19.374229431152344 19.245309829711914 H1:ASC-AS_A_RF45_Q_PIT_OUT_DQ
1262738102.78125 13.068099975585938 7.917850017547607 H1:ASC-AS_A_RF45_Q_PIT_OUT_DQ
1262738111.4375 21.646799087524414 23.689790725708008 H1:ASC-AS_A_RF45_Q_PIT_OUT_DQ
1262738131.25 13.868330001831055 8.307470321655273 H1:ASC-AS_A_RF45_Q_PIT_OUT_DQ
1262738174.625 24.895729064941406 28.84449005126953 H1:ASC-AS_A_RF45_Q_PIT_OUT_DQ
1262738183.3125 40.25783920288086 8.512129783630371 H1:ASC-AS_A_RF45_Q_PIT_OUT_DQ
1262738189.8125 13.934430122375488 10.747590065002441 H1:ASC-AS_A_RF45_Q_PIT_OUT_DQ
1262738202.3125 20.61284065246582 13.511509895324707 H1:ASC-AS_A_RF45_Q_PIT_OUT_DQ
1262738265.0625 13.934430122375488 12.52422046661377 H1:ASC-AS_A_RF45_Q_PIT_OUT_DQ
1262738280.15625 35.31460189819336 9.611680030822754 H1:ASC-AS_A_RF45_Q_PIT_OUT_DQ
1262738281.59375 27.64866065979004 8.71405029296875 H1:ASC-AS_A_RF45_Q_PIT_OUT_DQ
1262738289.8125 20.61284065246582 20.554380416870117 H1:ASC-AS_A_RF45_Q_PIT_OUT_DQ
1262738292.8125 22.73263931274414 16.221389770507812 H1:ASC-AS_A_RF45_Q_PIT_OUT_DQ
1262738305.9375 13.934430122375488 10.668649673461914 H1:ASC-AS_A_RF45_Q_PIT_OUT_DQ
1262746244.875 10.388500213623047 11.728670120239258 H1:ASC-AS_A_RF45_Q_PIT_OUT_DQ
1262746321.625 10.388500213623047 11.938480377197266 H1:ASC-AS_A_RF45_Q_PIT_OUT_DQ
1262746327.3125 31.99081039428711 7.783090114593506 H1:ASC-AS_A_RF45_Q_PIT_OUT_DQ
1262746331.0625 31.99081039428711 8.479860305786133 H1:ASC-AS_A_RF45_Q_PIT_OUT_DQ
1262747515.6875 13.268850326538086 8.413370132446289 H1:ASC-AS_A_RF45_Q_PIT_OUT_DQ
1262748647.625 10.388500213623047 8.437760353088379 H1:ASC-AS_A_RF45_Q_PIT_OUT_DQ
1262748911.9375 13.934430122375488 8.36655044555664 H1:ASC-AS_A_RF45_Q_PIT_OUT_DQ
1262749335.25 11.981160163879395 8.851960182189941 H1:ASC-AS_A_RF45_Q_PIT_OUT_DQ
1262750918.625 12.031539916992188 18.125030517578125 H1:ASC-AS_A_RF45_Q_PIT_OUT_DQ
1262751210.125 12.031539916992188 8.594849586486816 H1:ASC-AS_A_RF45_Q_PIT_OUT_DQ
1262751383.375 10.9096097946167 17.128280639648438 H1:ASC-AS_A_RF45_Q_PIT_OUT_DQ
1262751548.5625 13.268850326538086 11.246020317077637 H1:ASC-AS_A_RF45_Q_PIT_OUT_DQ
1262751556.28125 11.674690246582031 7.872320175170898 H1:ASC-AS_A_RF45_Q_PIT_OUT_DQ
1262751962.75 11.253140449523926 12.375900268554688 H1:ASC-AS_A_RF45_Q_PIT_OUT_DQ
1262752487.875 11.456850051879883 9.051170349121094 H1:ASC-AS_A_RF45_Q_PIT_OUT_DQ
1262753649.875 10.388500213623047 9.456609725952148 H1:ASC-AS_A_RF45_Q_PIT_OUT_DQ
1262754694.75 11.253140449523926 8.932920455932617 H1:ASC-AS_A_RF45_Q_PIT_OUT_DQ
1262754792.375 11.456850051879883 8.263529777526855 H1:ASC-AS_A_RF45_Q_PIT_OUT_DQ
1262755063.375 12.031539916992188 19.494029998779297 H1:ASC-AS_A_RF45_Q_PIT_OUT_DQ
1262755569.46875 10.42986011505127 7.89178991317749 H1:ASC-AS_A_RF45_Q_PIT_OUT_DQ
1262755601.625 12.031539916992188 8.888890266418457 H1:ASC-AS_A_RF45_Q_PIT_OUT_DQ
1262755855.3125 13.934430122375488 11.573619842529297 H1:ASC-AS_A_RF45_Q_PIT_OUT_DQ
1262755970.125 10.9096097946167 13.26593017578125 H1:ASC-AS_A_RF45_Q_PIT_OUT_DQ
1262756629.625 11.456850051879883 9.318619728088379 H1:ASC-AS_A_RF45_Q_PIT_OUT_DQ
1262756697.125 10.388500213623047 9.295299530029297 H1:ASC-AS_A_RF45_Q_PIT_OUT_DQ
1262757012.40625 10.42986011505127 7.859710216522217 H1:ASC-AS_A_RF45_Q_PIT_OUT_DQ
1262757450.1875 13.934430122375488 8.444000244140625 H1:ASC-AS_A_RF45_Q_PIT_OUT_DQ
1262757493.125 11.456850051879883 14.485790252685547 H1:ASC-AS_A_RF45_Q_PIT_OUT_DQ
1262757498.09375 13.068099975585938 11.008489608764648 H1:ASC-AS_A_RF45_Q_PIT_OUT_DQ
1262757788.59375 11.674690246582031 7.754159927368164 H1:ASC-AS_A_RF45_Q_PIT_OUT_DQ
1262758127.375 10.388500213623047 11.490699768066406 H1:ASC-AS_A_RF45_Q_PIT_OUT_DQ
1262758615.53125 11.674690246582031 8.081720352172852 H1:ASC-AS_A_RF45_Q_PIT_OUT_DQ
1262759175.25 11.253140449523926 11.145990371704102 H1:ASC-AS_A_RF45_Q_PIT_OUT_DQ
1262759392.03125 13.068099975585938 10.141300201416016 H1:ASC-AS_A_RF45_Q_PIT_OUT_DQ
1262759819.625 12.031539916992188 14.9399995803833 H1:ASC-AS_A_RF45_Q_PIT_OUT_DQ
1262759947.71875 10.42986011505127 7.849939823150635 H1:ASC-AS_A_RF45_Q_PIT_OUT_DQ
1262760323.25 12.234149932861328 13.185059547424316 H1:ASC-AS_A_RF45_Q_PIT_OUT_DQ
1262760423.75 13.58154010772705 14.998390197753906 H1:ASC-AS_A_RF45_Q_PIT_OUT_DQ
1262760431.125 10.388500213623047 12.023670196533203 H1:ASC-AS_A_RF45_Q_PIT_OUT_DQ
1262760512.1875 32.66632080078125 8.240579605102539 H1:ASC-AS_A_RF45_Q_PIT_OUT_DQ
1262760893.78125 13.068099975585938 7.947770118713379 H1:ASC-AS_A_RF45_Q_PIT_OUT_DQ
1262761036.25 12.234149932861328 12.610030174255371 H1:ASC-AS_A_RF45_Q_PIT_OUT_DQ
1262761222.777343 833.1620483398438 8.600419998168945 H1:ASC-AS_A_RF45_Q_PIT_OUT_DQ
1262761332.625 14.460200309753418 8.368929862976074 H1:ASC-AS_A_RF45_Q_PIT_OUT_DQ
1262761469.0625 31.99081039428711 8.803770065307617 H1:ASC-AS_A_RF45_Q_PIT_OUT_DQ
1262761633.875 10.388500213623047 10.304869651794434 H1:ASC-AS_A_RF45_Q_PIT_OUT_DQ
1262761927.34375 13.068099975585938 7.995110034942627 H1:ASC-AS_A_RF45_Q_PIT_OUT_DQ
1262761934.875 12.031539916992188 16.0209903717041 H1:ASC-AS_A_RF45_Q_PIT_OUT_DQ
1262761945.3125 13.934430122375488 8.028809547424316 H1:ASC-AS_A_RF45_Q_PIT_OUT_DQ
1262762056.875 10.388500213623047 8.045149803161621 H1:ASC-AS_A_RF45_Q_PIT_OUT_DQ
1262762110.59375 13.068099975585938 10.214139938354492 H1:ASC-AS_A_RF45_Q_PIT_OUT_DQ
1262762113.9375 13.934430122375488 15.89922046661377 H1:ASC-AS_A_RF45_Q_PIT_OUT_DQ
1262762129.5625 32.66632080078125 8.285670280456543 H1:ASC-AS_A_RF45_Q_PIT_OUT_DQ
1262762259.875 10.388500213623047 8.204339981079102 H1:ASC-AS_A_RF45_Q_PIT_OUT_DQ
1262791067.625 11.456850051879883 21.69536018371582 H1:ASC-AS_A_RF45_Q_PIT_OUT_DQ
1262791106.375 10.9096097946167 8.894200325012207 H1:ASC-AS_A_RF45_Q_PIT_OUT_DQ
1262791158.3125 13.934430122375488 8.346320152282715 H1:ASC-AS_A_RF45_Q_PIT_OUT_DQ
1262791164.3125 14.633399963378906 9.451199531555176 H1:ASC-AS_A_RF45_Q_PIT_OUT_DQ
1262791169.875 14.76554012298584 8.159150123596191 H1:ASC-AS_A_RF45_Q_PIT_OUT_DQ
1262791181.125 11.456850051879883 8.535340309143066 H1:ASC-AS_A_RF45_Q_PIT_OUT_DQ
1262791212.25 13.300689697265625 10.10696029663086 H1:ASC-AS_A_RF45_Q_PIT_OUT_DQ
1262791244.0625 13.268850326538086 8.364080429077148 H1:ASC-AS_A_RF45_Q_PIT_OUT_DQ
1262791327.9375 29.425579071044922 10.441149711608887 H1:ASC-AS_A_RF45_Q_PIT_OUT_DQ
1262791332.625 11.456850051879883 7.758530139923096 H1:ASC-AS_A_RF45_Q_PIT_OUT_DQ
1262791335.9375 28.817089080810547 10.095919609069824 H1:ASC-AS_A_RF45_Q_PIT_OUT_DQ
1262791425.0625 12.63506031036377 9.673999786376953 H1:ASC-AS_A_RF45_Q_PIT_OUT_DQ
1262791428.25 11.981160163879395 8.033479690551758 H1:ASC-AS_A_RF45_Q_PIT_OUT_DQ
1262791439.875 14.76554012298584 11.22661018371582 H1:ASC-AS_A_RF45_Q_PIT_OUT_DQ
1262791526.875 11.456850051879883 11.298640251159668 H1:ASC-AS_A_RF45_Q_PIT_OUT_DQ
1262791543.3125 14.633399963378906 10.599530220031738 H1:ASC-AS_A_RF45_Q_PIT_OUT_DQ
1262791585.25 14.16117000579834 8.775050163269043 H1:ASC-AS_A_RF45_Q_PIT_OUT_DQ
1262791593.75 13.58154010772705 8.57820987701416 H1:ASC-AS_A_RF45_Q_PIT_OUT_DQ
1262791639.625 14.76554012298584 8.577980041503906 H1:ASC-AS_A_RF45_Q_PIT_OUT_DQ
1262791644.25 14.16117000579834 10.204560279846191 H1:ASC-AS_A_RF45_Q_PIT_OUT_DQ
1262791713.4375 12.63506031036377 9.86890983581543 H1:ASC-AS_A_RF45_Q_PIT_OUT_DQ
1262791717.375 11.456850051879883 9.095820426940918 H1:ASC-AS_A_RF45_Q_PIT_OUT_DQ
1262791736.1875 13.934430122375488 14.087530136108398 H1:ASC-AS_A_RF45_Q_PIT_OUT_DQ
1262791826.75 14.16117000579834 13.369330406188965 H1:ASC-AS_A_RF45_Q_PIT_OUT_DQ
1262791832.375 11.456850051879883 7.903709888458252 H1:ASC-AS_A_RF45_Q_PIT_OUT_DQ
1262791846.75 12.234149932861328 10.045169830322266 H1:ASC-AS_A_RF45_Q_PIT_OUT_DQ
1262791914.375 27.63758087158203 9.9450101852417 H1:ASC-AS_A_RF45_Q_PIT_OUT_DQ
1262791922.375 12.031539916992188 8.83036994934082 H1:ASC-AS_A_RF45_Q_PIT_OUT_DQ
1262791962.25 12.234149932861328 8.493940353393555 H1:ASC-AS_A_RF45_Q_PIT_OUT_DQ
1262792014.875 25.958219528198242 8.97562026977539 H1:ASC-AS_A_RF45_Q_PIT_OUT_DQ
1262792110.75 14.16117000579834 9.883910179138184 H1:ASC-AS_A_RF45_Q_PIT_OUT_DQ
1262792163.875 12.031539916992188 10.21891975402832 H1:ASC-AS_A_RF45_Q_PIT_OUT_DQ
1262792229.125 28.22117042541504 8.729990005493164 H1:ASC-AS_A_RF45_Q_PIT_OUT_DQ
1262792235.625 24.895729064941406 10.550490379333496 H1:ASC-AS_A_RF45_Q_PIT_OUT_DQ
1262792263.5625 13.934430122375488 10.312560081481934 H1:ASC-AS_A_RF45_Q_PIT_OUT_DQ
1262792270.875 24.380910873413086 9.190070152282715 H1:ASC-AS_A_RF45_Q_PIT_OUT_DQ
1262792274.125 25.958219528198242 9.170610427856445 H1:ASC-AS_A_RF45_Q_PIT_OUT_DQ
1262792353.625 22.42588996887207 8.031780242919922 H1:ASC-AS_A_RF45_Q_PIT_OUT_DQ
1262792419.875 14.460200309753418 8.970999717712402 H1:ASC-AS_A_RF45_Q_PIT_OUT_DQ
1262792444.875 25.958219528198242 7.962779998779297 H1:ASC-AS_A_RF45_Q_PIT_OUT_DQ
1262792472.125 25.958219528198242 7.762650012969971 H1:ASC-AS_A_RF45_Q_PIT_OUT_DQ
1262792555.75 14.16117000579834 9.689350128173828 H1:ASC-AS_A_RF45_Q_PIT_OUT_DQ
1262792577.875 24.895729064941406 8.64490032196045 H1:ASC-AS_A_RF45_Q_PIT_OUT_DQ
1262792742.875 11.456850051879883 8.02200984954834 H1:ASC-AS_A_RF45_Q_PIT_OUT_DQ
1262792746.375 14.460200309753418 8.564539909362793 H1:ASC-AS_A_RF45_Q_PIT_OUT_DQ
1262792799.25 12.756279945373535 8.939459800720215 H1:ASC-AS_A_RF45_Q_PIT_OUT_DQ
1262792817.25 13.868330001831055 12.258509635925293 H1:ASC-AS_A_RF45_Q_PIT_OUT_DQ
1262792946.25 12.756279945373535 8.18181037902832 H1:ASC-AS_A_RF45_Q_PIT_OUT_DQ
1262793058.125 14.76554012298584 9.235030174255371 H1:ASC-AS_A_RF45_Q_PIT_OUT_DQ
1262793079.125 24.380910873413086 9.199919700622559 H1:ASC-AS_A_RF45_Q_PIT_OUT_DQ
1262793176.125 25.958219528198242 8.722450256347656 H1:ASC-AS_A_RF45_Q_PIT_OUT_DQ
1262793243.625 22.89944076538086 11.012829780578613 H1:ASC-AS_A_RF45_Q_PIT_OUT_DQ
1262793345.875 27.066059112548828 7.900609970092773 H1:ASC-AS_A_RF45_Q_PIT_OUT_DQ
1262793398.375 27.066059112548828 8.168060302734375 H1:ASC-AS_A_RF45_Q_PIT_OUT_DQ
1262793405.875 22.42588996887207 8.42870044708252 H1:ASC-AS_A_RF45_Q_PIT_OUT_DQ
1262793410.125 24.895729064941406 8.655420303344727 H1:ASC-AS_A_RF45_Q_PIT_OUT_DQ
1262793417.875 25.958219528198242 9.676159858703613 H1:ASC-AS_A_RF45_Q_PIT_OUT_DQ
1262793434.625 23.87672996520996 9.126700401306152 H1:ASC-AS_A_RF45_Q_PIT_OUT_DQ
1262793463.625 25.958219528198242 9.99625015258789 H1:ASC-AS_A_RF45_Q_PIT_OUT_DQ
1262793504.875 10.388500213623047 10.234370231628418 H1:ASC-AS_A_RF45_Q_PIT_OUT_DQ
1262793535.75 13.58154010772705 7.888000011444092 H1:ASC-AS_A_RF45_Q_PIT_OUT_DQ
1262793614.75 12.234149932861328 9.061779975891113 H1:ASC-AS_A_RF45_Q_PIT_OUT_DQ
1262793693.875 14.460200309753418 9.093950271606445 H1:ASC-AS_A_RF45_Q_PIT_OUT_DQ
1262793711.4375 12.63506031036377 10.450539588928223 H1:ASC-AS_A_RF45_Q_PIT_OUT_DQ
1262793777.375 12.031539916992188 8.803779602050781 H1:ASC-AS_A_RF45_Q_PIT_OUT_DQ
1262793799.1875 13.268850326538086 8.898900032043457 H1:ASC-AS_A_RF45_Q_PIT_OUT_DQ
1262793801.875 14.76554012298584 8.739489555358887 H1:ASC-AS_A_RF45_Q_PIT_OUT_DQ
1262793844.875 23.382980346679688 8.393349647521973 H1:ASC-AS_A_RF45_Q_PIT_OUT_DQ
1262793972.375 12.031539916992188 7.898330211639404 H1:ASC-AS_A_RF45_Q_PIT_OUT_DQ
1262793976.125 24.380910873413086 9.157010078430176 H1:ASC-AS_A_RF45_Q_PIT_OUT_DQ
1262793999.8125 13.268850326538086 12.88856029510498 H1:ASC-AS_A_RF45_Q_PIT_OUT_DQ
1262794082.25 11.733400344848633 8.565899848937988 H1:ASC-AS_A_RF45_Q_PIT_OUT_DQ
1262794098.375 11.456850051879883 9.465559959411621 H1:ASC-AS_A_RF45_Q_PIT_OUT_DQ
1262794122.375 25.958219528198242 9.246979713439941 H1:ASC-AS_A_RF45_Q_PIT_OUT_DQ
1262794125.375 28.22117042541504 8.316109657287598 H1:ASC-AS_A_RF45_Q_PIT_OUT_DQ
1262794130.25 10.792539596557617 8.969220161437988 H1:ASC-AS_A_RF45_Q_PIT_OUT_DQ
1262794206.75 11.733400344848633 9.964520454406738 H1:ASC-AS_A_RF45_Q_PIT_OUT_DQ
1262794232.375 10.388500213623047 8.245940208435059 H1:ASC-AS_A_RF45_Q_PIT_OUT_DQ
1262794250.875 10.9096097946167 11.533989906311035 H1:ASC-AS_A_RF45_Q_PIT_OUT_DQ
1262794275.625 12.031539916992188 10.566080093383789 H1:ASC-AS_A_RF45_Q_PIT_OUT_DQ
1262794283.625 11.456850051879883 9.181220054626465 H1:ASC-AS_A_RF45_Q_PIT_OUT_DQ
1262794348.25 11.253140449523926 28.571529388427734 H1:ASC-AS_A_RF45_Q_PIT_OUT_DQ
1262794416.375 10.388500213623047 8.029179573059082 H1:ASC-AS_A_RF45_Q_PIT_OUT_DQ
1262794505.875 14.76554012298584 8.55228042602539 H1:ASC-AS_A_RF45_Q_PIT_OUT_DQ
1262794566.875 12.031539916992188 10.49962043762207 H1:ASC-AS_A_RF45_Q_PIT_OUT_DQ
1262794628.375 15.077320098876953 13.390680313110352 H1:ASC-AS_A_RF45_Q_PIT_OUT_DQ
1262794652.375 12.031539916992188 9.390899658203125 H1:ASC-AS_A_RF45_Q_PIT_OUT_DQ
1262794658.125 11.456850051879883 8.78617000579834 H1:ASC-AS_A_RF45_Q_PIT_OUT_DQ
1262794713.25 11.020440101623535 9.059889793395996 H1:ASC-AS_A_RF45_Q_PIT_OUT_DQ
1262794788.375 12.031539916992188 8.544480323791504 H1:ASC-AS_A_RF45_Q_PIT_OUT_DQ
1262794882.875 11.456850051879883 11.22859001159668 H1:ASC-AS_A_RF45_Q_PIT_OUT_DQ
1262794918.3125 12.63506031036377 8.702750205993652 H1:ASC-AS_A_RF45_Q_PIT_OUT_DQ
1262794936.375 12.031539916992188 9.396280288696289 H1:ASC-AS_A_RF45_Q_PIT_OUT_DQ
1262794952.75 10.56935977935791 8.312029838562012 H1:ASC-AS_A_RF45_Q_PIT_OUT_DQ
1262795038.125 12.031539916992188 9.754019737243652 H1:ASC-AS_A_RF45_Q_PIT_OUT_DQ
1262795055.25 11.981160163879395 10.713930130004883 H1:ASC-AS_A_RF45_Q_PIT_OUT_DQ
1262795064.4375 31.329259872436523 8.243260383605957 H1:ASC-AS_A_RF45_Q_PIT_OUT_DQ
1262795123.125 12.031539916992188 9.077910423278809 H1:ASC-AS_A_RF45_Q_PIT_OUT_DQ
1262795302.75 10.350799560546875 9.594289779663086 H1:ASC-AS_A_RF45_Q_PIT_OUT_DQ
1262795307.25 13.868330001831055 8.55795955657959 H1:ASC-AS_A_RF45_Q_PIT_OUT_DQ
1262795313.53125 13.068099975585938 10.858169555664062 H1:ASC-AS_A_RF45_Q_PIT_OUT_DQ
1262795341.625 10.9096097946167 8.147520065307617 H1:ASC-AS_A_RF45_Q_PIT_OUT_DQ
1262795399.625 12.031539916992188 20.158180236816406 H1:ASC-AS_A_RF45_Q_PIT_OUT_DQ
1262795403.125 14.460200309753418 9.362070083618164 H1:ASC-AS_A_RF45_Q_PIT_OUT_DQ
1262795568.125 10.9096097946167 10.349800109863281 H1:ASC-AS_A_RF45_Q_PIT_OUT_DQ
1262795592.25 11.733400344848633 10.66841983795166 H1:ASC-AS_A_RF45_Q_PIT_OUT_DQ
1262795631.875 10.388500213623047 8.408920288085938 H1:ASC-AS_A_RF45_Q_PIT_OUT_DQ
1262795677.9375 13.268850326538086 8.867630004882812 H1:ASC-AS_A_RF45_Q_PIT_OUT_DQ
1262795687.1875 13.934430122375488 9.188570022583008 H1:ASC-AS_A_RF45_Q_PIT_OUT_DQ
1262795706.9375 31.99081039428711 8.574139595031738 H1:ASC-AS_A_RF45_Q_PIT_OUT_DQ
1262795801.8125 13.268850326538086 9.366169929504395 H1:ASC-AS_A_RF45_Q_PIT_OUT_DQ
1262795830.25 12.234149932861328 8.726790428161621 H1:ASC-AS_A_RF45_Q_PIT_OUT_DQ
1262795905.9375 31.99081039428711 9.436860084533691 H1:ASC-AS_A_RF45_Q_PIT_OUT_DQ
1262796087.625 14.76554012298584 11.229220390319824 H1:ASC-AS_A_RF45_Q_PIT_OUT_DQ
1262796096.875 10.388500213623047 8.14445972442627 H1:ASC-AS_A_RF45_Q_PIT_OUT_DQ
1262796147.375 22.42588996887207 21.229190826416016 H1:ASC-AS_A_RF45_Q_PIT_OUT_DQ
1262796236.625 10.388500213623047 7.97898006439209 H1:ASC-AS_A_RF45_Q_PIT_OUT_DQ
1262796284.8125 13.934430122375488 8.75946044921875 H1:ASC-AS_A_RF45_Q_PIT_OUT_DQ
1262796406.375 11.456850051879883 7.985610008239746 H1:ASC-AS_A_RF45_Q_PIT_OUT_DQ
1262796454.75 12.756279945373535 13.915570259094238 H1:ASC-AS_A_RF45_Q_PIT_OUT_DQ
1262796463.375 14.76554012298584 15.96481990814209 H1:ASC-AS_A_RF45_Q_PIT_OUT_DQ
1262796467.375 19.374229431152344 14.016739845275879 H1:ASC-AS_A_RF45_Q_PIT_OUT_DQ
1262796471.625 21.06321907043457 11.823229789733887 H1:ASC-AS_A_RF45_Q_PIT_OUT_DQ
1262796480.1875 13.934430122375488 10.71444034576416 H1:ASC-AS_A_RF45_Q_PIT_OUT_DQ
1262796482.96875 11.674690246582031 9.04207992553711 H1:ASC-AS_A_RF45_Q_PIT_OUT_DQ
1262796483.3125 12.63506031036377 11.135970115661621 H1:ASC-AS_A_RF45_Q_PIT_OUT_DQ
1262796586.375 10.9096097946167 8.70868968963623 H1:ASC-AS_A_RF45_Q_PIT_OUT_DQ
1262796607.34375 13.068099975585938 11.041740417480469 H1:ASC-AS_A_RF45_Q_PIT_OUT_DQ
1262796612.6875 14.633399963378906 9.982099533081055 H1:ASC-AS_A_RF45_Q_PIT_OUT_DQ
1262796625.625 12.031539916992188 10.496540069580078 H1:ASC-AS_A_RF45_Q_PIT_OUT_DQ
1262796747.375 11.456850051879883 7.968050003051758 H1:ASC-AS_A_RF45_Q_PIT_OUT_DQ
1262796793.875 12.031539916992188 10.53363037109375 H1:ASC-AS_A_RF45_Q_PIT_OUT_DQ
1262796822.875 15.077320098876953 10.588549613952637 H1:ASC-AS_A_RF45_Q_PIT_OUT_DQ
1262796883.75 11.253140449523926 7.8844499588012695 H1:ASC-AS_A_RF45_Q_PIT_OUT_DQ
1262796896.125 10.388500213623047 10.234530448913574 H1:ASC-AS_A_RF45_Q_PIT_OUT_DQ
1262796982.4375 13.934430122375488 10.291330337524414 H1:ASC-AS_A_RF45_Q_PIT_OUT_DQ
1262797028.75 14.16117000579834 12.076120376586914 H1:ASC-AS_A_RF45_Q_PIT_OUT_DQ
1262797049.8125 13.934430122375488 8.773119926452637 H1:ASC-AS_A_RF45_Q_PIT_OUT_DQ
1262797312.125 14.76554012298584 13.266819953918457 H1:ASC-AS_A_RF45_Q_PIT_OUT_DQ
1262797404.46875 13.068099975585938 8.891770362854004 H1:ASC-AS_A_RF45_Q_PIT_OUT_DQ
1262797457.75 13.868330001831055 11.483630180358887 H1:ASC-AS_A_RF45_Q_PIT_OUT_DQ
1262797603.21875 13.068099975585938 9.309550285339355 H1:ASC-AS_A_RF45_Q_PIT_OUT_DQ
1262797733.375 10.388500213623047 12.758589744567871 H1:ASC-AS_A_RF45_Q_PIT_OUT_DQ
1262797757.28125 13.068099975585938 8.42529010772705 H1:ASC-AS_A_RF45_Q_PIT_OUT_DQ
1262797764.46875 13.068099975585938 8.270299911499023 H1:ASC-AS_A_RF45_Q_PIT_OUT_DQ
1262797766.8125 13.934430122375488 11.091480255126953 H1:ASC-AS_A_RF45_Q_PIT_OUT_DQ
1262797861.84375 13.068099975585938 11.418140411376953 H1:ASC-AS_A_RF45_Q_PIT_OUT_DQ
1262797939.375 14.460200309753418 8.278030395507812 H1:ASC-AS_A_RF45_Q_PIT_OUT_DQ
1262798039.9375 14.633399963378906 8.043930053710938 H1:ASC-AS_A_RF45_Q_PIT_OUT_DQ
1262798182.1875 13.934430122375488 9.364190101623535 H1:ASC-AS_A_RF45_Q_PIT_OUT_DQ
1262798199.09375 13.068099975585938 10.353819847106934 H1:ASC-AS_A_RF45_Q_PIT_OUT_DQ
1262798201.625 18.973590850830078 17.579259872436523 H1:ASC-AS_A_RF45_Q_PIT_OUT_DQ
1262798225.0625 13.934430122375488 13.786809921264648 H1:ASC-AS_A_RF45_Q_PIT_OUT_DQ
1262798304.9375 14.633399963378906 9.288089752197266 H1:ASC-AS_A_RF45_Q_PIT_OUT_DQ
1262798550.125 11.456850051879883 11.654740333557129 H1:ASC-AS_A_RF45_Q_PIT_OUT_DQ
1262798685.375 12.031539916992188 14.13152027130127 H1:ASC-AS_A_RF45_Q_PIT_OUT_DQ
1262798718.5625 14.633399963378906 11.256669998168945 H1:ASC-AS_A_RF45_Q_PIT_OUT_DQ
1262798824.4375 14.633399963378906 13.976670265197754 H1:ASC-AS_A_RF45_Q_PIT_OUT_DQ
1262798834.0625 14.633399963378906 9.378609657287598 H1:ASC-AS_A_RF45_Q_PIT_OUT_DQ
1262798844.875 11.456850051879883 8.086520195007324 H1:ASC-AS_A_RF45_Q_PIT_OUT_DQ
1262798849.96875 13.068099975585938 10.384590148925781 H1:ASC-AS_A_RF45_Q_PIT_OUT_DQ
1262798865.625 14.460200309753418 12.783370018005371 H1:ASC-AS_A_RF45_Q_PIT_OUT_DQ
1262798890.625 18.196989059448242 12.622779846191406 H1:ASC-AS_A_RF45_Q_PIT_OUT_DQ
1262798972.9375 13.934430122375488 10.50823974609375 H1:ASC-AS_A_RF45_Q_PIT_OUT_DQ
1262799003.71875 13.068099975585938 7.818950176239014 H1:ASC-AS_A_RF45_Q_PIT_OUT_DQ
1262799006.875 18.973590850830078 18.729740142822266 H1:ASC-AS_A_RF45_Q_PIT_OUT_DQ
1262799014.8125 19.628250122070312 12.142450332641602 H1:ASC-AS_A_RF45_Q_PIT_OUT_DQ
1262799055.5625 13.934430122375488 9.996339797973633 H1:ASC-AS_A_RF45_Q_PIT_OUT_DQ
1262799262.375 14.460200309753418 15.553580284118652 H1:ASC-AS_A_RF45_Q_PIT_OUT_DQ
1262799336.375 11.456850051879883 16.014699935913086 H1:ASC-AS_A_RF45_Q_PIT_OUT_DQ
1262799340.625 10.9096097946167 11.59375 H1:ASC-AS_A_RF45_Q_PIT_OUT_DQ
1262799365.59375 13.068099975585938 11.28279972076416 H1:ASC-AS_A_RF45_Q_PIT_OUT_DQ
1262799381.1875 14.633399963378906 12.871740341186523 H1:ASC-AS_A_RF45_Q_PIT_OUT_DQ
1262799452.875 10.388500213623047 8.664449691772461 H1:ASC-AS_A_RF45_Q_PIT_OUT_DQ
1262799667.5625 12.63506031036377 12.754679679870605 H1:ASC-AS_A_RF45_Q_PIT_OUT_DQ
1262799725.78125 13.068099975585938 13.17512035369873 H1:ASC-AS_A_RF45_Q_PIT_OUT_DQ
1262799730.25 10.136750221252441 8.956629753112793 H1:ASC-AS_A_RF45_Q_PIT_OUT_DQ
1262799905.3125 14.633399963378906 12.901359558105469 H1:ASC-AS_A_RF45_Q_PIT_OUT_DQ
1262799915.375 14.76554012298584 19.55575942993164 H1:ASC-AS_A_RF45_Q_PIT_OUT_DQ
1262799922.125 10.388500213623047 10.225259780883789 H1:ASC-AS_A_RF45_Q_PIT_OUT_DQ
1262799927.3125 14.633399963378906 9.188969612121582 H1:ASC-AS_A_RF45_Q_PIT_OUT_DQ
1262799929.71875 13.068099975585938 11.456809997558594 H1:ASC-AS_A_RF45_Q_PIT_OUT_DQ
1262799984.875 10.388500213623047 7.903470039367676 H1:ASC-AS_A_RF45_Q_PIT_OUT_DQ
1262799994.8125 14.633399963378906 10.200389862060547 H1:ASC-AS_A_RF45_Q_PIT_OUT_DQ
1262800011.4375 14.633399963378906 10.30167007446289 H1:ASC-AS_A_RF45_Q_PIT_OUT_DQ
1262800062.875 12.031539916992188 13.838669776916504 H1:ASC-AS_A_RF45_Q_PIT_OUT_DQ
1262800170.25 14.16117000579834 10.955639839172363 H1:ASC-AS_A_RF45_Q_PIT_OUT_DQ
1262800187.53125 13.068099975585938 14.159469604492188 H1:ASC-AS_A_RF45_Q_PIT_OUT_DQ
1262800202.125 10.388500213623047 12.168829917907715 H1:ASC-AS_A_RF45_Q_PIT_OUT_DQ
1262800217.375 22.89944076538086 31.00274085998535 H1:ASC-AS_A_RF45_Q_PIT_OUT_DQ
1262800336.625 10.9096097946167 14.930760383605957 H1:ASC-AS_A_RF45_Q_PIT_OUT_DQ
1262800360.09375 13.068099975585938 15.517410278320312 H1:ASC-AS_A_RF45_Q_PIT_OUT_DQ
1262800364.96875 13.068099975585938 11.001449584960938 H1:ASC-AS_A_RF45_Q_PIT_OUT_DQ
1262800533.75 12.756279945373535 18.485849380493164 H1:ASC-AS_A_RF45_Q_PIT_OUT_DQ
1262800597.375 11.456850051879883 17.653520584106445 H1:ASC-AS_A_RF45_Q_PIT_OUT_DQ
1262800626.125 10.388500213623047 8.948369979858398 H1:ASC-AS_A_RF45_Q_PIT_OUT_DQ
1262800652.375 10.388500213623047 11.37401008605957 H1:ASC-AS_A_RF45_Q_PIT_OUT_DQ
1262800676.6875 13.934430122375488 17.179489135742188 H1:ASC-AS_A_RF45_Q_PIT_OUT_DQ
1262800681.0625 13.934430122375488 8.326350212097168 H1:ASC-AS_A_RF45_Q_PIT_OUT_DQ
1262800691.875 19.783340454101562 12.969659805297852 H1:ASC-AS_A_RF45_Q_PIT_OUT_DQ
1262800719.65625 13.068099975585938 14.78279972076416 H1:ASC-AS_A_RF45_Q_PIT_OUT_DQ
1262800857.375 14.76554012298584 15.107589721679688 H1:ASC-AS_A_RF45_Q_PIT_OUT_DQ
1262800861.53125 13.068099975585938 11.227190017700195 H1:ASC-AS_A_RF45_Q_PIT_OUT_DQ
1262801011.28125 13.068099975585938 13.441200256347656 H1:ASC-AS_A_RF45_Q_PIT_OUT_DQ
1262801043.03125 13.068099975585938 12.495759963989258 H1:ASC-AS_A_RF45_Q_PIT_OUT_DQ
1262801052.625 10.9096097946167 8.378629684448242 H1:ASC-AS_A_RF45_Q_PIT_OUT_DQ
1262801220.625 11.456850051879883 12.968270301818848 H1:ASC-AS_A_RF45_Q_PIT_OUT_DQ
1262801386.375 14.76554012298584 14.689640045166016 H1:ASC-AS_A_RF45_Q_PIT_OUT_DQ
1262801388.90625 13.068099975585938 13.274129867553711 H1:ASC-AS_A_RF45_Q_PIT_OUT_DQ
1262801396.625 14.76554012298584 20.193090438842773 H1:ASC-AS_A_RF45_Q_PIT_OUT_DQ
1262801428.625 11.456850051879883 19.036340713500977 H1:ASC-AS_A_RF45_Q_PIT_OUT_DQ
1262801466.25 12.4924898147583 7.793489933013916 H1:ASC-AS_A_RF45_Q_PIT_OUT_DQ
1262801566.3125 13.934430122375488 12.893500328063965 H1:ASC-AS_A_RF45_Q_PIT_OUT_DQ
1262801603.9375 14.633399963378906 12.0337495803833 H1:ASC-AS_A_RF45_Q_PIT_OUT_DQ
1262801608.75 11.020440101623535 10.37578010559082 H1:ASC-AS_A_RF45_Q_PIT_OUT_DQ
1262801645.40625 13.068099975585938 7.8985700607299805 H1:ASC-AS_A_RF45_Q_PIT_OUT_DQ
1262801648.125 18.196989059448242 11.387149810791016 H1:ASC-AS_A_RF45_Q_PIT_OUT_DQ
1262801796.125 22.89944076538086 19.91783905029297 H1:ASC-AS_A_RF45_Q_PIT_OUT_DQ
1262801842.375 11.456850051879883 10.064680099487305 H1:ASC-AS_A_RF45_Q_PIT_OUT_DQ
1262801990.96875 13.068099975585938 8.065030097961426 H1:ASC-AS_A_RF45_Q_PIT_OUT_DQ
1262802251.625 14.460200309753418 17.84453010559082 H1:ASC-AS_A_RF45_Q_PIT_OUT_DQ
1262802344.84375 11.674690246582031 9.706210136413574 H1:ASC-AS_A_RF45_Q_PIT_OUT_DQ
1262802350.09375 13.068099975585938 14.610899925231934 H1:ASC-AS_A_RF45_Q_PIT_OUT_DQ
1262802458.9375 13.934430122375488 13.1289701461792 H1:ASC-AS_A_RF45_Q_PIT_OUT_DQ
1262802470.90625 11.674690246582031 8.855090141296387 H1:ASC-AS_A_RF45_Q_PIT_OUT_DQ
1262802474.59375 13.068099975585938 13.620579719543457 H1:ASC-AS_A_RF45_Q_PIT_OUT_DQ
1262802583.875 15.077320098876953 10.688639640808105 H1:ASC-AS_A_RF45_Q_PIT_OUT_DQ
1262802599.78125 13.068099975585938 12.869199752807617 H1:ASC-AS_A_RF45_Q_PIT_OUT_DQ
1262802606.40625 13.068099975585938 14.50687026977539 H1:ASC-AS_A_RF45_Q_PIT_OUT_DQ
1262802757.65625 13.068099975585938 15.211739540100098 H1:ASC-AS_A_RF45_Q_PIT_OUT_DQ
1262802923.625 11.456850051879883 12.433639526367188 H1:ASC-AS_A_RF45_Q_PIT_OUT_DQ
1262803133.875 11.456850051879883 15.009949684143066 H1:ASC-AS_A_RF45_Q_PIT_OUT_DQ
1262803144.125 10.388500213623047 8.448030471801758 H1:ASC-AS_A_RF45_Q_PIT_OUT_DQ
1262803211.625 10.388500213623047 10.328280448913574 H1:ASC-AS_A_RF45_Q_PIT_OUT_DQ
1262803273.125 10.9096097946167 21.28158950805664 H1:ASC-AS_A_RF45_Q_PIT_OUT_DQ
1262803480.625 10.388500213623047 12.961950302124023 H1:ASC-AS_A_RF45_Q_PIT_OUT_DQ
1262803557.875 10.388500213623047 11.232250213623047 H1:ASC-AS_A_RF45_Q_PIT_OUT_DQ
1262803667.40625 13.068099975585938 9.252389907836914 H1:ASC-AS_A_RF45_Q_PIT_OUT_DQ
1262803727.0625 14.633399963378906 11.504549980163574 H1:ASC-AS_A_RF45_Q_PIT_OUT_DQ
1262803849.6875 13.934430122375488 9.039349555969238 H1:ASC-AS_A_RF45_Q_PIT_OUT_DQ
1262803880.125 21.06321907043457 31.802480697631836 H1:ASC-AS_A_RF45_Q_PIT_OUT_DQ
1262803945.125 12.031539916992188 22.16193962097168 H1:ASC-AS_A_RF45_Q_PIT_OUT_DQ
1262803955.875 12.031539916992188 14.836099624633789 H1:ASC-AS_A_RF45_Q_PIT_OUT_DQ
1262804010.375 10.9096097946167 9.440340042114258 H1:ASC-AS_A_RF45_Q_PIT_OUT_DQ
1262804048.875 11.456850051879883 8.744170188903809 H1:ASC-AS_A_RF45_Q_PIT_OUT_DQ
1262804098.5625 14.633399963378906 9.81332015991211 H1:ASC-AS_A_RF45_Q_PIT_OUT_DQ
1262804108.65625 13.068099975585938 15.940329551696777 H1:ASC-AS_A_RF45_Q_PIT_OUT_DQ
1262804212.28125 13.068099975585938 14.41234016418457 H1:ASC-AS_A_RF45_Q_PIT_OUT_DQ
1262804218.875 14.76554012298584 16.33061981201172 H1:ASC-AS_A_RF45_Q_PIT_OUT_DQ
1262804286.125 10.9096097946167 11.123089790344238 H1:ASC-AS_A_RF45_Q_PIT_OUT_DQ
1262804289.125 12.031539916992188 15.314209938049316 H1:ASC-AS_A_RF45_Q_PIT_OUT_DQ
1262804316.5625 14.633399963378906 14.133580207824707 H1:ASC-AS_A_RF45_Q_PIT_OUT_DQ
1262804324.21875 13.068099975585938 14.579950332641602 H1:ASC-AS_A_RF45_Q_PIT_OUT_DQ
1262804351.6875 13.934430122375488 10.843870162963867 H1:ASC-AS_A_RF45_Q_PIT_OUT_DQ
1262804402.875 18.973590850830078 10.243169784545898 H1:ASC-AS_A_RF45_Q_PIT_OUT_DQ
1262804406.6875 21.646799087524414 17.685579299926758 H1:ASC-AS_A_RF45_Q_PIT_OUT_DQ
1262804426.625 10.388500213623047 12.15310001373291 H1:ASC-AS_A_RF45_Q_PIT_OUT_DQ
1262804452.84375 13.068099975585938 11.215169906616211 H1:ASC-AS_A_RF45_Q_PIT_OUT_DQ
1262804671.125 10.388500213623047 12.321330070495605 H1:ASC-AS_A_RF45_Q_PIT_OUT_DQ
1262804917.125 10.9096097946167 7.847899913787842 H1:ASC-AS_A_RF45_Q_PIT_OUT_DQ
1262804936.6875 13.934430122375488 10.050869941711426 H1:ASC-AS_A_RF45_Q_PIT_OUT_DQ
1262804949.125 12.031539916992188 15.588210105895996 H1:ASC-AS_A_RF45_Q_PIT_OUT_DQ
1262804989.3125 12.63506031036377 14.228670120239258 H1:ASC-AS_A_RF45_Q_PIT_OUT_DQ
1262805016.1875 14.633399963378906 11.914859771728516 H1:ASC-AS_A_RF45_Q_PIT_OUT_DQ
1262805037.9375 18.69070053100586 11.546669960021973 H1:ASC-AS_A_RF45_Q_PIT_OUT_DQ
1262805195.21875 13.068099975585938 10.693340301513672 H1:ASC-AS_A_RF45_Q_PIT_OUT_DQ
1262805319.75 11.733400344848633 8.703120231628418 H1:ASC-AS_A_RF45_Q_PIT_OUT_DQ
1262805389.25 12.756279945373535 11.303709983825684 H1:ASC-AS_A_RF45_Q_PIT_OUT_DQ
1262805487.78125 13.068099975585938 10.820730209350586 H1:ASC-AS_A_RF45_Q_PIT_OUT_DQ
1262805513.21875 13.068099975585938 12.183309555053711 H1:ASC-AS_A_RF45_Q_PIT_OUT_DQ
1262805608.4375 14.633399963378906 14.557600021362305 H1:ASC-AS_A_RF45_Q_PIT_OUT_DQ
1262805611.53125 13.068099975585938 7.895020008087158 H1:ASC-AS_A_RF45_Q_PIT_OUT_DQ
1262805619.6875 14.633399963378906 10.58726978302002 H1:ASC-AS_A_RF45_Q_PIT_OUT_DQ
1262805623.28125 13.068099975585938 8.3574800491333 H1:ASC-AS_A_RF45_Q_PIT_OUT_DQ
1262805628.15625 13.068099975585938 8.030540466308594 H1:ASC-AS_A_RF45_Q_PIT_OUT_DQ
1262805738.25 14.16117000579834 13.279640197753906 H1:ASC-AS_A_RF45_Q_PIT_OUT_DQ
1262805886.375 11.456850051879883 8.915140151977539 H1:ASC-AS_A_RF45_Q_PIT_OUT_DQ
1262805898.5625 14.633399963378906 13.75844955444336 H1:ASC-AS_A_RF45_Q_PIT_OUT_DQ
1262805921.5625 15.367440223693848 8.787349700927734 H1:ASC-AS_A_RF45_Q_PIT_OUT_DQ
1262805929.875 14.460200309753418 16.981109619140625 H1:ASC-AS_A_RF45_Q_PIT_OUT_DQ
1262806083.125 10.9096097946167 11.829959869384766 H1:ASC-AS_A_RF45_Q_PIT_OUT_DQ
1262806186.96875 14.627809524536133 9.670249938964844 H1:ASC-AS_A_RF45_Q_PIT_OUT_DQ
1262806209.375 10.9096097946167 7.752349853515625 H1:ASC-AS_A_RF45_Q_PIT_OUT_DQ
1262806254.1875 14.633399963378906 9.872110366821289 H1:ASC-AS_A_RF45_Q_PIT_OUT_DQ
1262806262.75 13.025639533996582 10.61775016784668 H1:ASC-AS_A_RF45_Q_PIT_OUT_DQ
1262806265.90625 13.068099975585938 14.906999588012695 H1:ASC-AS_A_RF45_Q_PIT_OUT_DQ
1262806362.5625 13.934430122375488 14.093669891357422 H1:ASC-AS_A_RF45_Q_PIT_OUT_DQ
1262806416.0625 14.633399963378906 14.467820167541504 H1:ASC-AS_A_RF45_Q_PIT_OUT_DQ
1262806454.3125 13.934430122375488 9.48196029663086 H1:ASC-AS_A_RF45_Q_PIT_OUT_DQ
1262806645.75 12.234149932861328 12.894229888916016 H1:ASC-AS_A_RF45_Q_PIT_OUT_DQ
1262806662.5625 17.797929763793945 9.485349655151367 H1:ASC-AS_A_RF45_Q_PIT_OUT_DQ
1262806811.125 11.456850051879883 8.10608959197998 H1:ASC-AS_A_RF45_Q_PIT_OUT_DQ
1262806821.875 10.388500213623047 10.559530258178711 H1:ASC-AS_A_RF45_Q_PIT_OUT_DQ
1262806874.375 12.031539916992188 11.845219612121582 H1:ASC-AS_A_RF45_Q_PIT_OUT_DQ
1262807033.34375 13.068099975585938 10.92786979675293 H1:ASC-AS_A_RF45_Q_PIT_OUT_DQ
1262807137.8125 12.63506031036377 17.790449142456055 H1:ASC-AS_A_RF45_Q_PIT_OUT_DQ
1262807187.625 12.031539916992188 20.19222068786621 H1:ASC-AS_A_RF45_Q_PIT_OUT_DQ
1262807291.125 12.031539916992188 16.206819534301758 H1:ASC-AS_A_RF45_Q_PIT_OUT_DQ
1262807304.875 11.456850051879883 13.510470390319824 H1:ASC-AS_A_RF45_Q_PIT_OUT_DQ
1262807353.90625 13.068099975585938 11.335559844970703 H1:ASC-AS_A_RF45_Q_PIT_OUT_DQ
1262807394.375 10.388500213623047 8.819239616394043 H1:ASC-AS_A_RF45_Q_PIT_OUT_DQ
1262807407.125 10.388500213623047 10.145819664001465 H1:ASC-AS_A_RF45_Q_PIT_OUT_DQ
1262807493.1875 13.934430122375488 14.96487045288086 H1:ASC-AS_A_RF45_Q_PIT_OUT_DQ
1262807640.375 10.9096097946167 11.995710372924805 H1:ASC-AS_A_RF45_Q_PIT_OUT_DQ
1262807662.625 14.76554012298584 17.483230590820312 H1:ASC-AS_A_RF45_Q_PIT_OUT_DQ
1262807854.875 14.76554012298584 9.404669761657715 H1:ASC-AS_A_RF45_Q_PIT_OUT_DQ
1262807871.875 11.456850051879883 12.972229957580566 H1:ASC-AS_A_RF45_Q_PIT_OUT_DQ
1262807936.40625 13.068099975585938 7.7587199211120605 H1:ASC-AS_A_RF45_Q_PIT_OUT_DQ
1262807956.9375 13.934430122375488 11.70715045928955 H1:ASC-AS_A_RF45_Q_PIT_OUT_DQ
1262807990.6875 13.934430122375488 17.734060287475586 H1:ASC-AS_A_RF45_Q_PIT_OUT_DQ
1262808020.625 10.9096097946167 7.859529972076416 H1:ASC-AS_A_RF45_Q_PIT_OUT_DQ
1262808069.65625 11.674690246582031 9.512240409851074 H1:ASC-AS_A_RF45_Q_PIT_OUT_DQ
1262808072.125 23.382980346679688 18.225339889526367 H1:ASC-AS_A_RF45_Q_PIT_OUT_DQ
1262808079.4375 13.268850326538086 17.199369430541992 H1:ASC-AS_A_RF45_Q_PIT_OUT_DQ
1262808109.34375 13.068099975585938 11.465080261230469 H1:ASC-AS_A_RF45_Q_PIT_OUT_DQ
1262808155.96875 13.068099975585938 9.671839714050293 H1:ASC-AS_A_RF45_Q_PIT_OUT_DQ
1262808158.875 14.76554012298584 15.767230033874512 H1:ASC-AS_A_RF45_Q_PIT_OUT_DQ
1262808169.875 14.76554012298584 13.593350410461426 H1:ASC-AS_A_RF45_Q_PIT_OUT_DQ
1262808340.6875 31.99081039428711 34.684871673583984 H1:ASC-AS_A_RF45_Q_PIT_OUT_DQ
1262808349.8125 32.66632080078125 11.340660095214844 H1:ASC-AS_A_RF45_Q_PIT_OUT_DQ
1262808358.4375 13.934430122375488 11.132450103759766 H1:ASC-AS_A_RF45_Q_PIT_OUT_DQ
1262808476.625 10.388500213623047 9.20261001586914 H1:ASC-AS_A_RF45_Q_PIT_OUT_DQ
1262808497.875 20.627639770507812 19.441740036010742 H1:ASC-AS_A_RF45_Q_PIT_OUT_DQ
1262808501.28125 13.068099975585938 10.233460426330566 H1:ASC-AS_A_RF45_Q_PIT_OUT_DQ
1262808558.625 22.42588996887207 21.783039093017578 H1:ASC-AS_A_RF45_Q_PIT_OUT_DQ
1262808583.4375 13.934430122375488 13.686519622802734 H1:ASC-AS_A_RF45_Q_PIT_OUT_DQ
1262808616.15625 13.068099975585938 8.805529594421387 H1:ASC-AS_A_RF45_Q_PIT_OUT_DQ
1262808680.90625 13.068099975585938 9.441200256347656 H1:ASC-AS_A_RF45_Q_PIT_OUT_DQ
1262808694.375 11.456850051879883 14.73351001739502 H1:ASC-AS_A_RF45_Q_PIT_OUT_DQ
1262808786.3125 13.934430122375488 9.718250274658203 H1:ASC-AS_A_RF45_Q_PIT_OUT_DQ
1262808837.78125 13.068099975585938 11.711959838867188 H1:ASC-AS_A_RF45_Q_PIT_OUT_DQ
1262808842.09375 13.068099975585938 8.533590316772461 H1:ASC-AS_A_RF45_Q_PIT_OUT_DQ
1262808844.09375 13.068099975585938 11.424440383911133 H1:ASC-AS_A_RF45_Q_PIT_OUT_DQ
1262808863.5625 22.73263931274414 8.016630172729492 H1:ASC-AS_A_RF45_Q_PIT_OUT_DQ
1262808908.125 10.388500213623047 8.115989685058594 H1:ASC-AS_A_RF45_Q_PIT_OUT_DQ
1262808959.125 11.456850051879883 11.075289726257324 H1:ASC-AS_A_RF45_Q_PIT_OUT_DQ
1262809002.375 12.031539916992188 12.425000190734863 H1:ASC-AS_A_RF45_Q_PIT_OUT_DQ
1262809018.625 12.031539916992188 10.409689903259277 H1:ASC-AS_A_RF45_Q_PIT_OUT_DQ
1262809063.6875 14.633399963378906 9.463979721069336 H1:ASC-AS_A_RF45_Q_PIT_OUT_DQ
1262809069.375 10.9096097946167 11.104419708251953 H1:ASC-AS_A_RF45_Q_PIT_OUT_DQ
1262809089.09375 13.068099975585938 9.923680305480957 H1:ASC-AS_A_RF45_Q_PIT_OUT_DQ
1262809155.25 14.16117000579834 10.017580032348633 H1:ASC-AS_A_RF45_Q_PIT_OUT_DQ
1262809225.625 14.76554012298584 19.04907989501953 H1:ASC-AS_A_RF45_Q_PIT_OUT_DQ
1262809432.28125 13.068099975585938 11.284709930419922 H1:ASC-AS_A_RF45_Q_PIT_OUT_DQ
1262809440.125 12.031539916992188 10.837510108947754 H1:ASC-AS_A_RF45_Q_PIT_OUT_DQ
1262809455.8125 14.633399963378906 8.044879913330078 H1:ASC-AS_A_RF45_Q_PIT_OUT_DQ
1262809513.125 11.456850051879883 9.142459869384766 H1:ASC-AS_A_RF45_Q_PIT_OUT_DQ
1262809534.21875 13.068099975585938 9.774700164794922 H1:ASC-AS_A_RF45_Q_PIT_OUT_DQ
1262809543.59375 13.068099975585938 10.48805046081543 H1:ASC-AS_A_RF45_Q_PIT_OUT_DQ
1262809550.3125 14.633399963378906 13.037500381469727 H1:ASC-AS_A_RF45_Q_PIT_OUT_DQ
1262809558.8125 17.797929763793945 12.210040092468262 H1:ASC-AS_A_RF45_Q_PIT_OUT_DQ
1262809562.40625 13.068099975585938 8.5308198928833 H1:ASC-AS_A_RF45_Q_PIT_OUT_DQ
1262809564.0625 14.633399963378906 9.864640235900879 H1:ASC-AS_A_RF45_Q_PIT_OUT_DQ
1262809567.46875 13.068099975585938 15.594929695129395 H1:ASC-AS_A_RF45_Q_PIT_OUT_DQ
1262809669.46875 13.068099975585938 9.703940391540527 H1:ASC-AS_A_RF45_Q_PIT_OUT_DQ
1262809749.90625 13.068099975585938 13.041999816894531 H1:ASC-AS_A_RF45_Q_PIT_OUT_DQ
1262809752.09375 13.068099975585938 9.192779541015625 H1:ASC-AS_A_RF45_Q_PIT_OUT_DQ
1262809983.8125 13.934430122375488 12.619279861450195 H1:ASC-AS_A_RF45_Q_PIT_OUT_DQ
1262810021.125 12.031539916992188 15.764619827270508 H1:ASC-AS_A_RF45_Q_PIT_OUT_DQ
1262810037.1875 14.633399963378906 12.033220291137695 H1:ASC-AS_A_RF45_Q_PIT_OUT_DQ
1262810040.5625 14.633399963378906 9.109169960021973 H1:ASC-AS_A_RF45_Q_PIT_OUT_DQ
1262810042.28125 13.068099975585938 8.564129829406738 H1:ASC-AS_A_RF45_Q_PIT_OUT_DQ
1262810066.71875 11.674690246582031 9.399760246276855 H1:ASC-AS_A_RF45_Q_PIT_OUT_DQ
1262810179.8125 14.633399963378906 12.786149978637695 H1:ASC-AS_A_RF45_Q_PIT_OUT_DQ
1262810198.375 12.031539916992188 9.209670066833496 H1:ASC-AS_A_RF45_Q_PIT_OUT_DQ
1262810205.3125 14.633399963378906 11.512849807739258 H1:ASC-AS_A_RF45_Q_PIT_OUT_DQ
1262810209.125 10.9096097946167 13.5318603515625 H1:ASC-AS_A_RF45_Q_PIT_OUT_DQ
1262810221.375 12.031539916992188 10.856840133666992 H1:ASC-AS_A_RF45_Q_PIT_OUT_DQ
1262810320.96875 11.674690246582031 8.222640037536621 H1:ASC-AS_A_RF45_Q_PIT_OUT_DQ
1262810368.125 10.9096097946167 9.786270141601562 H1:ASC-AS_A_RF45_Q_PIT_OUT_DQ
1262810441.1875 14.633399963378906 9.437100410461426 H1:ASC-AS_A_RF45_Q_PIT_OUT_DQ
1262810449.84375 13.068099975585938 12.03512954711914 H1:ASC-AS_A_RF45_Q_PIT_OUT_DQ
1262810459.375 12.031539916992188 14.61378002166748 H1:ASC-AS_A_RF45_Q_PIT_OUT_DQ
1262810515.4375 13.934430122375488 15.668649673461914 H1:ASC-AS_A_RF45_Q_PIT_OUT_DQ
1262810557.375 12.031539916992188 13.203559875488281 H1:ASC-AS_A_RF45_Q_PIT_OUT_DQ
1262810598.8125 13.934430122375488 16.641130447387695 H1:ASC-AS_A_RF45_Q_PIT_OUT_DQ
1262810602.90625 13.068099975585938 9.532939910888672 H1:ASC-AS_A_RF45_Q_PIT_OUT_DQ
1262810617.875 11.456850051879883 10.696049690246582 H1:ASC-AS_A_RF45_Q_PIT_OUT_DQ
1262810668.125 10.9096097946167 10.12460994720459 H1:ASC-AS_A_RF45_Q_PIT_OUT_DQ
1262810709.125 11.456850051879883 10.338800430297852 H1:ASC-AS_A_RF45_Q_PIT_OUT_DQ
1262810751.65625 13.068099975585938 12.75531005859375 H1:ASC-AS_A_RF45_Q_PIT_OUT_DQ
1262810754.28125 11.674690246582031 15.17671012878418 H1:ASC-AS_A_RF45_Q_PIT_OUT_DQ
1262810772.625 10.9096097946167 10.317449569702148 H1:ASC-AS_A_RF45_Q_PIT_OUT_DQ
1262810862.46875 13.068099975585938 10.91154956817627 H1:ASC-AS_A_RF45_Q_PIT_OUT_DQ
1262810864.90625 13.068099975585938 10.263190269470215 H1:ASC-AS_A_RF45_Q_PIT_OUT_DQ
1262810877.1875 14.633399963378906 8.90153980255127 H1:ASC-AS_A_RF45_Q_PIT_OUT_DQ
1262810947.625 12.031539916992188 9.395919799804688 H1:ASC-AS_A_RF45_Q_PIT_OUT_DQ
1262811205.875 10.9096097946167 14.723119735717773 H1:ASC-AS_A_RF45_Q_PIT_OUT_DQ
1262811258.75 13.58154010772705 8.161879539489746 H1:ASC-AS_A_RF45_Q_PIT_OUT_DQ
1262811352.71875 13.068099975585938 12.617059707641602 H1:ASC-AS_A_RF45_Q_PIT_OUT_DQ
1262811477.65625 13.068099975585938 13.516679763793945 H1:ASC-AS_A_RF45_Q_PIT_OUT_DQ
1262811514.625 10.388500213623047 8.326580047607422 H1:ASC-AS_A_RF45_Q_PIT_OUT_DQ
1262811518.34375 13.068099975585938 10.539719581604004 H1:ASC-AS_A_RF45_Q_PIT_OUT_DQ
1262811688.25 10.136750221252441 10.766229629516602 H1:ASC-AS_A_RF45_Q_PIT_OUT_DQ
1262811760.875 12.031539916992188 15.582119941711426 H1:ASC-AS_A_RF45_Q_PIT_OUT_DQ
1262811802.375 11.456850051879883 14.923100471496582 H1:ASC-AS_A_RF45_Q_PIT_OUT_DQ
1262811925.625 11.456850051879883 9.443070411682129 H1:ASC-AS_A_RF45_Q_PIT_OUT_DQ
1262811963.125 11.456850051879883 8.233619689941406 H1:ASC-AS_A_RF45_Q_PIT_OUT_DQ
1262812039.15625 13.068099975585938 11.727490425109863 H1:ASC-AS_A_RF45_Q_PIT_OUT_DQ
1262812088.875 14.76554012298584 14.360199928283691 H1:ASC-AS_A_RF45_Q_PIT_OUT_DQ
1262812106.8125 13.268850326538086 8.532389640808105 H1:ASC-AS_A_RF45_Q_PIT_OUT_DQ
1262812114.40625 11.674690246582031 7.872719764709473 H1:ASC-AS_A_RF45_Q_PIT_OUT_DQ
1262812121.875 12.031539916992188 16.258899688720703 H1:ASC-AS_A_RF45_Q_PIT_OUT_DQ
1262812419.46875 10.42986011505127 8.42335033416748 H1:ASC-AS_A_RF45_Q_PIT_OUT_DQ
1262812423.90625 13.068099975585938 15.090080261230469 H1:ASC-AS_A_RF45_Q_PIT_OUT_DQ
1262812457.375 11.456850051879883 12.919150352478027 H1:ASC-AS_A_RF45_Q_PIT_OUT_DQ
1262812500.25 14.16117000579834 17.45886993408203 H1:ASC-AS_A_RF45_Q_PIT_OUT_DQ
1262812527.875 10.388500213623047 12.266670227050781 H1:ASC-AS_A_RF45_Q_PIT_OUT_DQ
1262812544.46875 13.068099975585938 8.15958023071289 H1:ASC-AS_A_RF45_Q_PIT_OUT_DQ
1262812570.375 14.76554012298584 17.48940086364746 H1:ASC-AS_A_RF45_Q_PIT_OUT_DQ
1262812600.375 10.388500213623047 8.649510383605957 H1:ASC-AS_A_RF45_Q_PIT_OUT_DQ
1262812673.125 10.388500213623047 12.700480461120605 H1:ASC-AS_A_RF45_Q_PIT_OUT_DQ
1262812683.3125 12.63506031036377 14.698699951171875 H1:ASC-AS_A_RF45_Q_PIT_OUT_DQ
1262812796.875 10.388500213623047 8.641670227050781 H1:ASC-AS_A_RF45_Q_PIT_OUT_DQ
1262812917.9375 13.934430122375488 14.202280044555664 H1:ASC-AS_A_RF45_Q_PIT_OUT_DQ
1262812961.375 15.077320098876953 15.066459655761719 H1:ASC-AS_A_RF45_Q_PIT_OUT_DQ
1262813081.375 12.031539916992188 17.245990753173828 H1:ASC-AS_A_RF45_Q_PIT_OUT_DQ
1262813115.28125 13.068099975585938 9.168120384216309 H1:ASC-AS_A_RF45_Q_PIT_OUT_DQ
1262813118.1875 13.934430122375488 13.153499603271484 H1:ASC-AS_A_RF45_Q_PIT_OUT_DQ
1262813206.125 12.031539916992188 8.385350227355957 H1:ASC-AS_A_RF45_Q_PIT_OUT_DQ
1262813251.625 10.388500213623047 8.358519554138184 H1:ASC-AS_A_RF45_Q_PIT_OUT_DQ
1262813349.65625 13.068099975585938 10.389630317687988 H1:ASC-AS_A_RF45_Q_PIT_OUT_DQ
1262813369.625 11.456850051879883 15.393959999084473 H1:ASC-AS_A_RF45_Q_PIT_OUT_DQ
1262813387.40625 13.068099975585938 11.745439529418945 H1:ASC-AS_A_RF45_Q_PIT_OUT_DQ
1262813444.375 10.9096097946167 7.928160190582275 H1:ASC-AS_A_RF45_Q_PIT_OUT_DQ
1262813466.4375 13.934430122375488 15.252820014953613 H1:ASC-AS_A_RF45_Q_PIT_OUT_DQ
1262813474.625 10.388500213623047 13.09768009185791 H1:ASC-AS_A_RF45_Q_PIT_OUT_DQ
1262813477.625 18.58123016357422 15.022040367126465 H1:ASC-AS_A_RF45_Q_PIT_OUT_DQ
1262813480.15625 13.068099975585938 9.225959777832031 H1:ASC-AS_A_RF45_Q_PIT_OUT_DQ
1262813561.3125 19.628250122070312 9.570380210876465 H1:ASC-AS_A_RF45_Q_PIT_OUT_DQ
1262813677.96875 13.068099975585938 11.177220344543457 H1:ASC-AS_A_RF45_Q_PIT_OUT_DQ
1262813687.5625 13.934430122375488 16.63010025024414 H1:ASC-AS_A_RF45_Q_PIT_OUT_DQ
1262813722.1875 15.367440223693848 8.496210098266602 H1:ASC-AS_A_RF45_Q_PIT_OUT_DQ
1262813726.5625 13.934430122375488 12.88640022277832 H1:ASC-AS_A_RF45_Q_PIT_OUT_DQ
1262813731.75 13.58154010772705 19.033300399780273 H1:ASC-AS_A_RF45_Q_PIT_OUT_DQ
1262813768.125 10.9096097946167 8.34216022491455 H1:ASC-AS_A_RF45_Q_PIT_OUT_DQ
1262813801.53125 13.068099975585938 8.874190330505371 H1:ASC-AS_A_RF45_Q_PIT_OUT_DQ
1262813821.375 22.42588996887207 22.51123046875 H1:ASC-AS_A_RF45_Q_PIT_OUT_DQ
1262813834.1875 12.63506031036377 9.15764045715332 H1:ASC-AS_A_RF45_Q_PIT_OUT_DQ
1262813860.25 14.16117000579834 12.732720375061035 H1:ASC-AS_A_RF45_Q_PIT_OUT_DQ
1262813919.75 11.733400344848633 11.320650100708008 H1:ASC-AS_A_RF45_Q_PIT_OUT_DQ
1262813988.59375 13.068099975585938 10.492170333862305 H1:ASC-AS_A_RF45_Q_PIT_OUT_DQ
1262814145.40625 13.068099975585938 11.876830101013184 H1:ASC-AS_A_RF45_Q_PIT_OUT_DQ
1262814150.6875 13.934430122375488 8.748820304870605 H1:ASC-AS_A_RF45_Q_PIT_OUT_DQ
1262814162.0625 13.268850326538086 12.13716983795166 H1:ASC-AS_A_RF45_Q_PIT_OUT_DQ
1262814253.1875 14.633399963378906 12.881059646606445 H1:ASC-AS_A_RF45_Q_PIT_OUT_DQ
1262814257.09375 13.068099975585938 11.809889793395996 H1:ASC-AS_A_RF45_Q_PIT_OUT_DQ
1262814358.09375 13.068099975585938 10.97251033782959 H1:ASC-AS_A_RF45_Q_PIT_OUT_DQ
1262814365.53125 13.068099975585938 13.088529586791992 H1:ASC-AS_A_RF45_Q_PIT_OUT_DQ
1262814515.25 11.49075984954834 11.041489601135254 H1:ASC-AS_A_RF45_Q_PIT_OUT_DQ
1262814525.6875 13.934430122375488 16.72966957092285 H1:ASC-AS_A_RF45_Q_PIT_OUT_DQ
1262814621.625 10.9096097946167 8.138489723205566 H1:ASC-AS_A_RF45_Q_PIT_OUT_DQ
1262814697.71875 13.068099975585938 9.27593994140625 H1:ASC-AS_A_RF45_Q_PIT_OUT_DQ
1262814713.375 10.9096097946167 11.918829917907715 H1:ASC-AS_A_RF45_Q_PIT_OUT_DQ
1262814781.3125 14.633399963378906 16.83357048034668 H1:ASC-AS_A_RF45_Q_PIT_OUT_DQ
1262814855.375 12.031539916992188 10.23157024383545 H1:ASC-AS_A_RF45_Q_PIT_OUT_DQ
1262814944.53125 13.068099975585938 13.556480407714844 H1:ASC-AS_A_RF45_Q_PIT_OUT_DQ
1262815010.125 12.031539916992188 13.387160301208496 H1:ASC-AS_A_RF45_Q_PIT_OUT_DQ
1262815025.21875 13.068099975585938 14.669509887695312 H1:ASC-AS_A_RF45_Q_PIT_OUT_DQ
1262815060.625 12.031539916992188 15.978520393371582 H1:ASC-AS_A_RF45_Q_PIT_OUT_DQ
1262815090.875 11.456850051879883 8.556770324707031 H1:ASC-AS_A_RF45_Q_PIT_OUT_DQ
1262815140.4375 13.934430122375488 9.310930252075195 H1:ASC-AS_A_RF45_Q_PIT_OUT_DQ
1262815163.0625 15.367440223693848 9.495539665222168 H1:ASC-AS_A_RF45_Q_PIT_OUT_DQ
1262815177.3125 14.633399963378906 10.881890296936035 H1:ASC-AS_A_RF45_Q_PIT_OUT_DQ
1262815182.375 15.077320098876953 11.657279968261719 H1:ASC-AS_A_RF45_Q_PIT_OUT_DQ
1262815203.0625 13.268850326538086 9.81879997253418 H1:ASC-AS_A_RF45_Q_PIT_OUT_DQ
1262815239.65625 13.068099975585938 9.24213981628418 H1:ASC-AS_A_RF45_Q_PIT_OUT_DQ
1262815322.875 12.031539916992188 10.403559684753418 H1:ASC-AS_A_RF45_Q_PIT_OUT_DQ
1262815425.875 11.456850051879883 10.202630043029785 H1:ASC-AS_A_RF45_Q_PIT_OUT_DQ
1262815428.28125 13.068099975585938 9.920209884643555 H1:ASC-AS_A_RF45_Q_PIT_OUT_DQ
1262815431.15625 13.068099975585938 12.697879791259766 H1:ASC-AS_A_RF45_Q_PIT_OUT_DQ
1262815444.78125 13.068099975585938 9.17238998413086 H1:ASC-AS_A_RF45_Q_PIT_OUT_DQ
1262815447.84375 13.068099975585938 10.400389671325684 H1:ASC-AS_A_RF45_Q_PIT_OUT_DQ
1262815537.9375 13.268850326538086 16.827489852905273 H1:ASC-AS_A_RF45_Q_PIT_OUT_DQ
1262815547.84375 13.068099975585938 11.84354019165039 H1:ASC-AS_A_RF45_Q_PIT_OUT_DQ
1262815611.25 14.16117000579834 17.861000061035156 H1:ASC-AS_A_RF45_Q_PIT_OUT_DQ
1262815685.8125 14.633399963378906 10.956640243530273 H1:ASC-AS_A_RF45_Q_PIT_OUT_DQ
1262815729.96875 13.068099975585938 9.576530456542969 H1:ASC-AS_A_RF45_Q_PIT_OUT_DQ
1262815756.667968 833.1620483398438 9.404939651489258 H1:ASC-AS_A_RF45_Q_PIT_OUT_DQ
1262815770.875 10.388500213623047 8.845649719238281 H1:ASC-AS_A_RF45_Q_PIT_OUT_DQ
1262815780.8125 13.934430122375488 14.211250305175781 H1:ASC-AS_A_RF45_Q_PIT_OUT_DQ
1262815812.90625 13.068099975585938 10.37837028503418 H1:ASC-AS_A_RF45_Q_PIT_OUT_DQ
1262815987.84375 13.068099975585938 11.92903995513916 H1:ASC-AS_A_RF45_Q_PIT_OUT_DQ
1262816006.125 10.9096097946167 11.3966703414917 H1:ASC-AS_A_RF45_Q_PIT_OUT_DQ
1262816048.46875 13.068099975585938 14.441550254821777 H1:ASC-AS_A_RF45_Q_PIT_OUT_DQ
1262816057.125 11.456850051879883 10.395779609680176 H1:ASC-AS_A_RF45_Q_PIT_OUT_DQ
1262816068.25 13.025639533996582 15.486080169677734 H1:ASC-AS_A_RF45_Q_PIT_OUT_DQ
1262816101.125 10.388500213623047 12.779930114746094 H1:ASC-AS_A_RF45_Q_PIT_OUT_DQ
1262816104.0625 13.934430122375488 12.965270042419434 H1:ASC-AS_A_RF45_Q_PIT_OUT_DQ
1262816151.84375 13.068099975585938 9.887539863586426 H1:ASC-AS_A_RF45_Q_PIT_OUT_DQ
1262816209.125 12.031539916992188 19.229740142822266 H1:ASC-AS_A_RF45_Q_PIT_OUT_DQ
1262816277.59375 13.068099975585938 10.454480171203613 H1:ASC-AS_A_RF45_Q_PIT_OUT_DQ
1262816409.625 21.507980346679688 20.291820526123047 H1:ASC-AS_A_RF45_Q_PIT_OUT_DQ
1262816514.28125 14.627809524536133 9.810370445251465 H1:ASC-AS_A_RF45_Q_PIT_OUT_DQ
1262816560.8125 13.934430122375488 12.538610458374023 H1:ASC-AS_A_RF45_Q_PIT_OUT_DQ
1262816610.40625 13.068099975585938 9.066200256347656 H1:ASC-AS_A_RF45_Q_PIT_OUT_DQ
1262816628.09375 14.627809524536133 11.6525297164917 H1:ASC-AS_A_RF45_Q_PIT_OUT_DQ
1262816642.25 10.350799560546875 10.564310073852539 H1:ASC-AS_A_RF45_Q_PIT_OUT_DQ
1262816837.9375 15.367440223693848 15.117549896240234 H1:ASC-AS_A_RF45_Q_PIT_OUT_DQ
1262816854.0625 13.268850326538086 20.97838020324707 H1:ASC-AS_A_RF45_Q_PIT_OUT_DQ
1262816948.8125 14.633399963378906 12.151840209960938 H1:ASC-AS_A_RF45_Q_PIT_OUT_DQ
1262816997.25 13.300689697265625 14.549759864807129 H1:ASC-AS_A_RF45_Q_PIT_OUT_DQ
1262817142.625 15.077320098876953 17.577579498291016 H1:ASC-AS_A_RF45_Q_PIT_OUT_DQ
1262817237.625 10.388500213623047 8.203109741210938 H1:ASC-AS_A_RF45_Q_PIT_OUT_DQ
1262817255.84375 13.068099975585938 15.14424991607666 H1:ASC-AS_A_RF45_Q_PIT_OUT_DQ
1262817267.4375 13.268850326538086 11.023240089416504 H1:ASC-AS_A_RF45_Q_PIT_OUT_DQ
1262817282.125 10.388500213623047 8.593379974365234 H1:ASC-AS_A_RF45_Q_PIT_OUT_DQ
1262817328.65625 13.068099975585938 9.93828010559082 H1:ASC-AS_A_RF45_Q_PIT_OUT_DQ
1262817336.625 12.031539916992188 13.91193962097168 H1:ASC-AS_A_RF45_Q_PIT_OUT_DQ
1262817426.15625 13.068099975585938 11.485799789428711 H1:ASC-AS_A_RF45_Q_PIT_OUT_DQ
1262817427.78125 13.068099975585938 8.25094985961914 H1:ASC-AS_A_RF45_Q_PIT_OUT_DQ
1262817431.6875 14.633399963378906 11.352330207824707 H1:ASC-AS_A_RF45_Q_PIT_OUT_DQ
1262817438.625 12.031539916992188 11.41981029510498 H1:ASC-AS_A_RF45_Q_PIT_OUT_DQ
1262817462.375 12.031539916992188 13.97603988647461 H1:ASC-AS_A_RF45_Q_PIT_OUT_DQ
